,DATE,REGION,NEW_CASES,CUMULATIVE_CASES,NEW_RECOVERED,CUMULATIVE_RECOVERED,NEW_DEATHS,CUMULATIVE_DEATHS,ACTIVE_CASES
0,2020-03-01,Belgium,19,19,0,0,0,0,19
1,2020-03-02,Belgium,19,38,0,0,0,0,38
2,2020-03-03,Belgium,34,72,0,0,0,0,72
3,2020-03-04,Belgium,53,125,0,0,0,0,125
4,2020-03-05,Belgium,81,206,0,0,0,0,206
5,2020-03-06,Belgium,110,316,0,0,0,0,316
6,2020-03-07,Belgium,27,343,0,0,0,0,343
7,2020-03-08,Belgium,64,407,0,0,0,0,407
8,2020-03-09,Belgium,94,501,0,0,0,0,501
9,2020-03-10,Belgium,99,600,0,0,1,1,599
10,2020-03-11,Belgium,174,774,0,0,3,4,770
11,2020-03-12,Belgium,250,1024,0,0,1,5,1019
12,2020-03-13,Belgium,338,1362,0,0,3,8,1354
13,2020-03-14,Belgium,179,1541,0,0,5,13,1528
14,2020-03-15,Belgium,214,1755,19,19,5,18,1718
15,2020-03-16,Belgium,387,2142,19,38,12,30,2074
16,2020-03-17,Belgium,422,2564,34,72,10,40,2452
17,2020-03-18,Belgium,534,3098,53,125,23,63,2910
18,2020-03-19,Belgium,713,3811,81,206,34,97,3508
19,2020-03-20,Belgium,662,4473,110,316,37,134,4023
20,2020-03-21,Belgium,469,4942,27,343,40,174,4425
21,2020-03-22,Belgium,486,5428,64,407,47,221,4800
22,2020-03-23,Belgium,1328,6756,94,501,78,299,5956
23,2020-03-24,Belgium,1195,7951,98,599,78,377,6975
24,2020-03-25,Belgium,1199,9150,171,770,107,484,7896
25,2020-03-26,Belgium,1363,10513,249,1019,103,587,8907
26,2020-03-27,Belgium,1518,12031,335,1354,128,715,9962
27,2020-03-28,Belgium,844,12875,174,1528,142,857,10490
28,2020-03-29,Belgium,683,13558,209,1737,149,1006,10815
29,2020-03-30,Belgium,1738,15296,375,2112,170,1176,12008
30,2020-03-31,Belgium,1681,16977,412,2524,208,1384,13069
31,2020-04-01,Belgium,1516,18493,511,3035,233,1617,13841
32,2020-04-02,Belgium,1478,19971,679,3714,219,1836,14421
33,2020-04-03,Belgium,1694,21665,625,4339,236,2072,15254
34,2020-04-04,Belgium,922,22587,429,4768,271,2343,15476
35,2020-04-05,Belgium,665,23252,439,5207,248,2591,15454
36,2020-04-06,Belgium,1934,25186,1250,6457,256,2847,15882
37,2020-04-07,Belgium,1515,26701,1117,7574,278,3125,16002
38,2020-04-08,Belgium,1598,28299,1092,8666,322,3447,16186
39,2020-04-09,Belgium,2239,30538,1260,9926,273,3720,16892
40,2020-04-10,Belgium,2336,32874,1390,11316,301,4021,17537
41,2020-04-11,Belgium,1029,33903,702,12018,284,4305,17580
42,2020-04-12,Belgium,524,34427,534,12552,266,4571,17304
43,2020-04-13,Belgium,537,34964,1568,14120,277,4848,15996
44,2020-04-14,Belgium,1560,36524,1473,15593,261,5109,15822
45,2020-04-15,Belgium,1633,38157,1283,16876,281,5390,15891
46,2020-04-16,Belgium,1674,39831,1259,18135,246,5636,16060
47,2020-04-17,Belgium,1394,41225,1458,19593,204,5840,15792
48,2020-04-18,Belgium,722,41947,651,20244,208,6048,15655
49,2020-04-19,Belgium,443,42390,417,20661,191,6239,15490
50,2020-04-20,Belgium,1276,43666,1678,22339,203,6442,14885
51,2020-04-21,Belgium,1270,44936,1237,23576,203,6645,14715
52,2020-04-22,Belgium,777,45713,1276,24852,181,6826,14035
53,2020-04-23,Belgium,976,46689,1966,26818,155,6981,12890
54,2020-04-24,Belgium,811,47500,2035,28853,155,7136,11511
55,2020-04-25,Belgium,388,47888,745,29598,142,7278,11012
56,2020-04-26,Belgium,205,48093,258,29856,153,7431,10806
57,2020-04-27,Belgium,755,48848,260,30116,134,7565,11167
58,2020-04-28,Belgium,569,49417,1299,31415,110,7675,10327
59,2020-04-29,Belgium,522,49939,1352,32767,106,7781,9391
60,2020-04-30,Belgium,586,50525,1428,34195,88,7869,8461
61,2020-05-01,Belgium,237,50762,1190,35385,93,7962,7415
62,2020-05-02,Belgium,286,51048,514,35899,76,8038,7111
63,2020-05-03,Belgium,140,51188,252,36151,94,8132,6905
64,2020-05-04,Belgium,670,51858,1073,37224,93,8225,6409
65,2020-05-05,Belgium,546,52404,1067,38291,81,8306,5807
66,2020-05-06,Belgium,552,52956,596,38887,75,8381,5688
67,2020-05-07,Belgium,442,53398,821,39708,70,8451,5239
68,2020-05-08,Belgium,483,53881,656,40364,74,8525,4992
69,2020-05-09,Belgium,240,54121,246,40610,71,8596,4915
70,2020-05-10,Belgium,118,54239,52,40662,73,8669,4908
71,2020-05-11,Belgium,476,54715,621,41283,65,8734,4698
72,2020-05-12,Belgium,395,55110,459,41742,45,8779,4589
73,2020-05-13,Belgium,321,55431,416,42158,57,8836,4437
74,2020-05-14,Belgium,305,55736,498,42656,43,8879,4201
75,2020-05-15,Belgium,346,56082,144,42800,45,8924,4358
76,2020-05-16,Belgium,147,56229,210,43010,29,8953,4266
77,2020-05-17,Belgium,81,56310,46,43056,31,8984,4270
78,2020-05-18,Belgium,317,56627,577,43633,36,9020,3974
79,2020-05-19,Belgium,292,56919,465,44098,32,9052,3769
80,2020-05-20,Belgium,385,57304,477,44575,30,9082,3647
81,2020-05-21,Belgium,70,57374,372,44947,35,9117,3310
82,2020-05-22,Belgium,248,57622,409,45356,41,9158,3108
83,2020-05-23,Belgium,123,57745,169,45525,26,9184,3036
84,2020-05-24,Belgium,75,57820,45,45570,34,9218,3032
85,2020-05-25,Belgium,314,58134,411,45981,26,9244,2909
86,2020-05-26,Belgium,202,58336,350,46331,24,9268,2737
87,2020-05-27,Belgium,182,58518,264,46595,24,9292,2631
88,2020-05-28,Belgium,171,58689,262,46857,27,9319,2513
89,2020-05-29,Belgium,165,58854,301,47158,16,9335,2361
90,2020-05-30,Belgium,61,58915,118,47276,24,9359,2280
91,2020-05-31,Belgium,49,58964,50,47326,21,9380,2258
92,2020-06-01,Belgium,59,59023,281,47607,21,9401,2015
93,2020-06-02,Belgium,181,59204,260,47867,24,9425,1912
94,2020-06-03,Belgium,159,59363,355,48222,19,9444,1697
95,2020-06-04,Belgium,172,59535,35,48257,14,9458,1820
96,2020-06-05,Belgium,154,59689,207,48464,12,9470,1755
97,2020-06-06,Belgium,69,59758,97,48561,11,9481,1716
98,2020-06-07,Belgium,53,59811,41,48602,12,9493,1716
99,2020-06-08,Belgium,152,59963,288,48890,9,9502,1571
100,2020-06-09,Belgium,145,60108,178,49068,12,9514,1526
101,2020-06-10,Belgium,119,60227,158,49226,12,9526,1475
102,2020-06-11,Belgium,95,60322,144,49370,7,9533,1419
103,2020-06-12,Belgium,89,60411,149,49519,10,9543,1349
104,2020-06-13,Belgium,49,60460,37,49556,5,9548,1356
105,2020-06-14,Belgium,22,60482,28,49584,4,9552,1346
106,2020-06-15,Belgium,147,60629,38,49622,8,9560,1447
107,2020-06-16,Belgium,99,60728,157,49779,7,9567,1382
108,2020-06-17,Belgium,123,60851,140,49919,7,9574,1358
109,2020-06-18,Belgium,108,60959,158,50077,5,9579,1303
110,2020-06-19,Belgium,121,61080,142,50219,4,9583,1278
111,2020-06-20,Belgium,50,61130,58,50277,3,9586,1267
112,2020-06-21,Belgium,20,61150,41,50318,9,9595,1237
113,2020-06-22,Belgium,143,61293,143,50461,12,9607,1225
114,2020-06-23,Belgium,110,61403,133,50594,4,9611,1198
115,2020-06-24,Belgium,100,61503,107,50701,4,9615,1187
116,2020-06-25,Belgium,76,61579,88,50789,5,9620,1170
117,2020-06-26,Belgium,113,61692,79,50868,2,9622,1202
118,2020-06-27,Belgium,41,61733,44,50912,8,9630,1191
119,2020-06-28,Belgium,24,61757,18,50930,5,9635,1192
120,2020-06-29,Belgium,127,61884,139,51069,3,9638,1177
121,2020-06-30,Belgium,100,61984,92,51161,8,9646,1177
122,2020-07-01,Belgium,135,62119,116,51277,2,9648,1194
123,2020-07-02,Belgium,93,62212,103,51380,5,9653,1179
124,2020-07-03,Belgium,94,62306,117,51497,2,9655,1154
125,2020-07-04,Belgium,64,62370,47,51544,3,9658,1168
126,2020-07-05,Belgium,24,62394,11,51555,2,9660,1179
127,2020-07-06,Belgium,112,62506,131,51686,1,9661,1159
128,2020-07-07,Belgium,99,62605,106,51792,3,9664,1149
129,2020-07-08,Belgium,137,62742,96,51888,1,9665,1189
130,2020-07-09,Belgium,124,62866,71,51959,2,9667,1240
131,2020-07-10,Belgium,127,62993,111,52070,0,9667,1256
132,2020-07-11,Belgium,62,63055,33,52103,2,9669,1283
133,2020-07-12,Belgium,43,63098,19,52122,4,9673,1303
134,2020-07-13,Belgium,224,63322,124,52246,1,9674,1402
135,2020-07-14,Belgium,207,63529,92,52338,3,9677,1514
136,2020-07-15,Belgium,260,63789,133,52471,5,9682,1636
137,2020-07-16,Belgium,226,64015,88,52559,5,9687,1769
138,2020-07-17,Belgium,274,64289,92,52651,2,9689,1949
139,2020-07-18,Belgium,130,64419,61,52712,3,9692,2015
140,2020-07-19,Belgium,64,64483,22,52734,1,9693,2056
141,2020-07-20,Belgium,443,64926,111,52845,2,9695,2386
142,2020-07-21,Belgium,145,65071,96,52941,1,9696,2434
143,2020-07-22,Belgium,553,65624,136,53077,2,9698,2849
144,2020-07-23,Belgium,439,66063,122,53199,2,9700,3164
145,2020-07-24,Belgium,496,66559,127,53326,5,9705,3528
146,2020-07-25,Belgium,229,66788,60,53386,1,9706,3696
147,2020-07-26,Belgium,184,66972,39,53425,2,9708,3839
148,2020-07-27,Belgium,595,67567,223,53648,6,9714,4205
149,2020-07-28,Belgium,685,68252,204,53852,1,9715,4685
150,2020-07-29,Belgium,703,68955,255,54107,3,9718,5130
151,2020-07-30,Belgium,635,69590,221,54328,2,9720,5542
152,2020-07-31,Belgium,684,70274,272,54600,3,9723,5951
153,2020-08-01,Belgium,309,70583,127,54727,2,9725,6131
154,2020-08-02,Belgium,148,70731,63,54790,5,9730,6211
155,2020-08-03,Belgium,794,71525,441,55231,4,9734,6560
156,2020-08-04,Belgium,813,72338,144,55375,7,9741,7222
157,2020-08-05,Belgium,767,73105,551,55926,5,9746,7433
158,2020-08-06,Belgium,769,73874,437,56363,4,9750,7761
159,2020-08-07,Belgium,771,74645,491,56854,6,9756,8035
160,2020-08-08,Belgium,304,74949,228,57082,2,9758,8109
161,2020-08-09,Belgium,122,75071,182,57264,5,9763,8044
162,2020-08-10,Belgium,873,75944,589,57853,11,9774,8317
163,2020-08-11,Belgium,718,76662,684,58537,13,9787,8338
164,2020-08-12,Belgium,609,77271,700,59237,11,9798,8236
165,2020-08-13,Belgium,669,77940,633,59870,12,9810,8260
166,2020-08-14,Belgium,587,78527,681,60551,12,9822,8154
167,2020-08-15,Belgium,163,78690,307,60858,10,9832,8000
168,2020-08-16,Belgium,132,78822,143,61001,8,9840,7981
169,2020-08-17,Belgium,707,79529,790,61791,7,9847,7891
170,2020-08-18,Belgium,725,80254,806,62597,11,9858,7799
171,2020-08-19,Belgium,612,80866,762,63359,9,9867,7640
172,2020-08-20,Belgium,581,81447,765,64124,5,9872,7451
173,2020-08-21,Belgium,510,81957,765,64889,3,9875,7193
174,2020-08-22,Belgium,203,82160,302,65191,5,9880,7089
175,2020-08-23,Belgium,115,82275,117,65308,3,9883,7084
176,2020-08-24,Belgium,607,82882,862,66170,5,9888,6824
177,2020-08-25,Belgium,527,83409,705,66875,5,9893,6641
178,2020-08-26,Belgium,526,83935,598,67473,4,9897,6565
179,2020-08-27,Belgium,535,84470,657,68130,3,9900,6440
180,2020-08-28,Belgium,614,85084,575,68705,4,9904,6475
181,2020-08-29,Belgium,195,85279,153,68858,6,9910,6511
182,2020-08-30,Belgium,117,85396,124,68982,1,9911,6503
183,2020-08-31,Belgium,634,86030,700,69682,3,9914,6434
184,2020-09-01,Belgium,565,86595,714,70396,3,9917,6282
185,2020-09-02,Belgium,574,87169,603,70999,3,9920,6250
186,2020-09-03,Belgium,677,87846,576,71575,4,9924,6347
187,2020-09-04,Belgium,728,88574,507,72082,2,9926,6566
188,2020-09-05,Belgium,322,88896,198,72280,1,9927,6689
189,2020-09-06,Belgium,155,89051,112,72392,3,9930,6729
190,2020-09-07,Belgium,918,89969,602,72994,4,9934,7041
191,2020-09-08,Belgium,871,90840,522,73516,3,9937,7387
192,2020-09-09,Belgium,1024,91864,522,74038,2,9939,7887
193,2020-09-10,Belgium,1143,93007,532,74570,3,9942,8495
194,2020-09-11,Belgium,1284,94291,610,75180,5,9947,9164
195,2020-09-12,Belgium,617,94908,189,75369,1,9948,9591
196,2020-09-13,Belgium,301,95209,116,75485,1,9949,9775
197,2020-09-14,Belgium,1724,96933,631,76116,4,9953,10864
198,2020-09-15,Belgium,1628,98561,562,76678,3,9956,11927
199,2020-09-16,Belgium,1942,100503,571,77249,3,9959,13295
200,2020-09-17,Belgium,1750,102253,673,77922,1,9960,14371
201,2020-09-18,Belgium,1709,103962,726,78648,6,9966,15348
202,2020-09-19,Belgium,894,104856,321,78969,8,9974,15913
203,2020-09-20,Belgium,461,105317,152,79121,3,9977,16219
204,2020-09-21,Belgium,2202,107519,914,80035,3,9980,17504
205,2020-09-22,Belgium,2074,109593,868,80903,1,9981,18709
206,2020-09-23,Belgium,2096,111689,1022,81925,8,9989,19775
207,2020-09-24,Belgium,1795,113484,1140,83065,4,9993,20426
208,2020-09-25,Belgium,1623,115107,1279,84344,5,9998,20765
209,2020-09-26,Belgium,944,116051,616,84960,7,10005,21086
210,2020-09-27,Belgium,540,116591,300,85260,12,10017,21314
211,2020-09-28,Belgium,2783,119374,1720,86980,13,10030,22364
212,2020-09-29,Belgium,2987,122361,1625,88605,10,10040,23716
213,2020-09-30,Belgium,3243,125604,1939,90544,6,10046,25014
214,2020-10-01,Belgium,3411,129015,1749,92293,15,10061,26661
215,2020-10-02,Belgium,3726,132741,1703,93996,11,10072,28673
216,2020-10-03,Belgium,1709,134450,886,94882,15,10087,29481
217,2020-10-04,Belgium,1035,135485,458,95340,15,10102,30043
218,2020-10-05,Belgium,5252,140737,2199,97539,15,10117,33081
219,2020-10-06,Belgium,5690,146427,2073,99612,19,10136,36679
220,2020-10-07,Belgium,6808,153235,2088,101700,20,10156,41379
221,2020-10-08,Belgium,6588,159823,1791,103491,20,10176,46156
222,2020-10-09,Belgium,7792,167615,1618,105109,20,10196,52310
223,2020-10-10,Belgium,4311,171926,937,106046,22,10218,55662
224,2020-10-11,Belgium,2405,174331,528,106574,28,10246,57511
225,2020-10-12,Belgium,9744,184075,2770,109344,36,10282,64449
226,2020-10-13,Belgium,12584,196659,2977,112321,35,10317,74021
227,2020-10-14,Belgium,12308,208967,3237,115558,41,10358,83051
228,2020-10-15,Belgium,11822,220789,3396,118954,37,10395,91440
229,2020-10-16,Belgium,13481,234270,3715,122669,37,10432,101169
230,2020-10-17,Belgium,7996,242266,1694,124363,23,10455,107448
231,2020-10-18,Belgium,4291,246557,1020,125383,31,10486,110688
232,2020-10-19,Belgium,15562,262119,5237,130620,55,10541,120958
233,2020-10-20,Belgium,19271,281390,5671,136291,53,10594,134505
234,2020-10-21,Belgium,17491,298881,6788,143079,61,10655,145147
235,2020-10-22,Belgium,17697,316578,6568,149647,57,10712,156219
236,2020-10-23,Belgium,18882,335460,7772,157419,93,10805,167236
237,2020-10-24,Belgium,11566,347026,4289,161708,95,10900,174418
238,2020-10-25,Belgium,4897,351923,2377,164085,98,10998,176840
239,2020-10-26,Belgium,19874,371797,9708,173793,123,11121,186883
240,2020-10-27,Belgium,22220,394017,12549,186342,130,11251,196424
241,2020-10-28,Belgium,18000,412017,12267,198609,143,11394,202014
242,2020-10-29,Belgium,15095,427112,11785,210394,144,11538,205180
243,2020-10-30,Belgium,15406,442518,13444,223838,184,11722,206958
244,2020-10-31,Belgium,6311,448829,7973,231811,177,11899,205119
245,2020-11-01,Belgium,2667,451496,4260,236071,165,12064,203361
246,2020-11-02,Belgium,13860,465356,15507,251578,213,12277,201501
247,2020-11-03,Belgium,12103,477459,19218,270796,174,12451,194212
248,2020-11-04,Belgium,9233,486692,17430,288226,200,12651,185815
249,2020-11-05,Belgium,7660,494352,17640,305866,210,12861,175625
250,2020-11-06,Belgium,6648,501000,18789,324655,218,13079,163266
251,2020-11-07,Belgium,3046,504046,11471,336126,210,13289,154631
252,2020-11-08,Belgium,1449,505495,4799,340925,210,13499,151071
253,2020-11-09,Belgium,8637,514132,19751,360676,198,13697,139759
254,2020-11-10,Belgium,7701,521833,22090,382766,219,13916,125151
255,2020-11-11,Belgium,2004,523837,17857,400623,194,14110,109104
256,2020-11-12,Belgium,6482,530319,14951,415574,172,14282,100463
257,2020-11-13,Belgium,5711,536030,15222,430796,183,14465,90769
258,2020-11-14,Belgium,2371,538401,6134,436930,178,14643,86828
259,2020-11-15,Belgium,1057,539458,2502,439432,193,14836,85190
260,2020-11-16,Belgium,5821,545279,13647,453079,195,15031,77169
261,2020-11-17,Belgium,4829,550108,11929,465008,157,15188,69912
262,2020-11-18,Belgium,3703,553811,9033,474041,160,15348,64422
263,2020-11-19,Belgium,3020,556831,7450,481491,172,15520,59820
264,2020-11-20,Belgium,3082,559913,6430,487921,171,15691,56301
265,2020-11-21,Belgium,1263,561176,2836,490757,141,15832,54587
266,2020-11-22,Belgium,589,561765,1239,491996,136,15968,53801
267,2020-11-23,Belgium,3958,565723,8439,500435,141,16109,49179
268,2020-11-24,Belgium,2877,568600,7482,507917,123,16232,44451
269,2020-11-25,Belgium,2687,571287,1810,509727,139,16371,45189
270,2020-11-26,Belgium,2430,573717,6310,516037,117,16488,41192
271,2020-11-27,Belgium,2741,576458,5528,521565,126,16614,38279
272,2020-11-28,Belgium,1006,577464,2193,523758,118,16732,36974
273,2020-11-29,Belgium,560,578024,864,524622,119,16851,36551
274,2020-11-30,Belgium,3306,581330,5626,530248,102,16953,34129
275,2020-12-01,Belgium,2699,584029,4672,534920,110,17063,32046
276,2020-12-02,Belgium,2620,586649,3543,538463,117,17180,31006
277,2020-12-03,Belgium,2386,589035,2848,541311,94,17274,30450
278,2020-12-04,Belgium,2569,591604,2911,544222,110,17384,29998
279,2020-12-05,Belgium,1104,592708,1122,545344,87,17471,29893
280,2020-12-06,Belgium,602,593310,453,545797,85,17556,29957
281,2020-12-07,Belgium,3374,596684,3817,549614,97,17653,29417
282,2020-12-08,Belgium,2734,599418,2754,552368,93,17746,29304
283,2020-12-09,Belgium,2770,602188,2548,554916,90,17836,29436
284,2020-12-10,Belgium,2677,604865,2313,557229,95,17931,29705
285,2020-12-11,Belgium,2921,607786,2615,559844,114,18045,29897
286,2020-12-12,Belgium,1597,609383,888,560732,87,18132,30519
287,2020-12-13,Belgium,742,610125,441,561173,92,18224,30728
288,2020-12-14,Belgium,3844,613969,3204,564377,100,18324,31268
289,2020-12-15,Belgium,3241,617210,2589,566966,103,18427,31817
290,2020-12-16,Belgium,2857,620067,2503,569469,98,18525,32073
291,2020-12-17,Belgium,2795,622862,2292,571761,90,18615,32486
292,2020-12-18,Belgium,2835,625697,2459,574220,84,18699,32778
293,2020-12-19,Belgium,1462,627159,1017,575237,93,18792,33130
294,2020-12-20,Belgium,656,627815,517,575754,89,18881,33180
295,2020-12-21,Belgium,3396,631211,3277,579031,70,18951,33229
296,2020-12-22,Belgium,2708,633919,2641,581672,102,19053,33194
297,2020-12-23,Belgium,2464,636383,2680,584352,93,19146,32885
298,2020-12-24,Belgium,1783,638166,2582,586934,81,19227,32005
299,2020-12-25,Belgium,520,638686,2807,589741,67,19294,29651
300,2020-12-26,Belgium,1161,639847,1510,591251,64,19358,29238
301,2020-12-27,Belgium,558,640405,650,591901,61,19419,29085
302,2020-12-28,Belgium,2749,643154,3744,595645,63,19482,28027
303,2020-12-29,Belgium,2420,645574,3138,598783,77,19559,27232
304,2020-12-30,Belgium,2081,647655,2759,601542,74,19633,26480
305,2020-12-31,Belgium,1722,649377,2705,604247,87,19720,25410
306,2021-01-01,Belgium,483,649860,2751,606998,50,19770,23092
307,2021-01-02,Belgium,1127,650987,1369,608367,64,19834,22786
308,2021-01-03,Belgium,823,651810,567,608934,42,19876,23000
309,2021-01-04,Belgium,3125,654935,3326,612260,59,19935,22740
310,2021-01-05,Belgium,2824,657759,2606,614866,63,19998,22895
311,2021-01-06,Belgium,2518,660277,2371,617237,56,20054,22986
312,2021-01-07,Belgium,1988,662265,1702,618939,53,20107,23219
313,2021-01-08,Belgium,2058,664323,453,619392,50,20157,24774
314,2021-01-09,Belgium,1397,665720,1097,620489,52,20209,25022
315,2021-01-10,Belgium,859,666579,497,620986,56,20265,25328
316,2021-01-11,Belgium,3084,669663,2686,623672,53,20318,25673
317,2021-01-12,Belgium,2491,672154,2343,626015,50,20368,25771
318,2021-01-13,Belgium,2219,674373,2007,628022,41,20409,25942
319,2021-01-14,Belgium,2193,676566,1635,629657,62,20471,26438
320,2021-01-15,Belgium,2177,678743,433,630090,48,20519,28134
321,2021-01-16,Belgium,1192,679935,1063,631153,46,20565,28217
322,2021-01-17,Belgium,723,680658,781,631934,44,20609,28115
323,2021-01-18,Belgium,3050,683708,3066,635000,58,20667,28041
324,2021-01-19,Belgium,2488,686196,2761,637761,61,20728,27707
325,2021-01-20,Belgium,2548,688744,2462,640223,49,20777,27744
326,2021-01-21,Belgium,2389,691133,1935,642158,53,20830,28145
327,2021-01-22,Belgium,2639,693772,2008,644166,49,20879,28727
328,2021-01-23,Belgium,1399,695171,1345,645511,67,20946,28714
329,2021-01-24,Belgium,822,695993,803,646314,39,20985,28694
330,2021-01-25,Belgium,3424,699417,3031,649345,44,21029,29043
331,2021-01-26,Belgium,2781,702198,2441,651786,52,21081,29331
332,2021-01-27,Belgium,2602,704800,2178,653964,41,21122,29714
333,2021-01-28,Belgium,2609,707409,2131,656095,55,21177,30137
334,2021-01-29,Belgium,3035,710444,2129,658224,44,21221,30999
335,2021-01-30,Belgium,1576,712020,1146,659370,29,21250,31400
336,2021-01-31,Belgium,863,712883,679,660049,32,21282,31552
337,2021-02-01,Belgium,3383,716266,2992,663041,38,21320,31905
338,2021-02-02,Belgium,2688,718954,2427,665468,52,21372,32114
339,2021-02-03,Belgium,2416,721370,2499,667967,41,21413,31990
340,2021-02-04,Belgium,2418,723788,2336,670303,34,21447,32038
341,2021-02-05,Belgium,2489,726277,2590,672893,55,21502,31882
342,2021-02-06,Belgium,1274,727551,1332,674225,41,21543,31783
343,2021-02-07,Belgium,603,728154,783,675008,40,21583,31563
344,2021-02-08,Belgium,2610,730764,3380,678388,37,21620,30756
345,2021-02-09,Belgium,2158,732922,2729,681117,41,21661,30144
346,2021-02-10,Belgium,2158,735080,2561,683678,42,21703,29699
347,2021-02-11,Belgium,2103,737183,2554,686232,35,21738,29213
348,2021-02-12,Belgium,2046,739229,2991,689223,43,21781,28225
349,2021-02-13,Belgium,1138,740367,1547,690770,31,21812,27785
350,2021-02-14,Belgium,614,740981,831,691601,52,21864,27516
351,2021-02-15,Belgium,2793,743774,3345,694946,37,21901,26927
352,2021-02-16,Belgium,2401,746175,2636,697582,39,21940,26653
353,2021-02-17,Belgium,2562,748737,2375,699957,28,21968,26812
354,2021-02-18,Belgium,2580,751317,2384,702341,33,22001,26975
355,2021-02-19,Belgium,2848,754165,2434,704775,29,22030,27360
356,2021-02-20,Belgium,1565,755730,1233,706008,21,22051,27671
357,2021-02-21,Belgium,818,756548,563,706571,26,22077,27900
358,2021-02-22,Belgium,3385,759933,2573,709144,20,22097,28692
359,2021-02-23,Belgium,2947,762880,2117,711261,25,22122,29497
360,2021-02-24,Belgium,2767,765647,2116,713377,22,22144,30126
361,2021-02-25,Belgium,2671,768318,2068,715445,28,22172,30701
362,2021-02-26,Belgium,2838,771156,2003,717448,22,22194,31514
363,2021-02-27,Belgium,1506,772662,1107,718555,29,22223,31884
364,2021-02-28,Belgium,720,773382,562,719117,30,22253,32012
365,2021-03-01,Belgium,3245,776627,2756,721873,29,22282,32472
366,2021-03-02,Belgium,2775,779402,2362,724235,25,22307,32860
367,2021-03-03,Belgium,2779,782181,2534,726769,26,22333,33079
368,2021-03-04,Belgium,2711,784892,2547,729316,16,22349,33227
369,2021-03-05,Belgium,2754,787646,2819,732135,33,22382,33129
370,2021-03-06,Belgium,1528,789174,1544,733679,25,22407,33088
371,2021-03-07,Belgium,796,789970,792,734471,19,22426,33073
372,2021-03-08,Belgium,3715,793685,3365,737836,36,22462,33387
373,2021-03-09,Belgium,3420,797105,2922,740758,23,22485,33862
374,2021-03-10,Belgium,3414,800519,2745,743503,24,22509,34507
375,2021-03-11,Belgium,3523,804042,2643,746146,26,22535,35361
376,2021-03-12,Belgium,3770,807812,2816,748962,20,22555,36295
377,2021-03-13,Belgium,2184,809996,1477,750439,24,22579,36978
378,2021-03-14,Belgium,1398,811394,690,751129,20,22599,37666
379,2021-03-15,Belgium,5284,816678,3216,754345,25,22624,39709
380,2021-03-16,Belgium,4614,821292,2750,757095,27,22651,41546
381,2021-03-17,Belgium,4852,826144,2753,759848,25,22676,43620
382,2021-03-18,Belgium,5059,831203,2695,762543,26,22702,45958
383,2021-03-19,Belgium,5203,836406,2721,765264,31,22733,48409
384,2021-03-20,Belgium,2853,839259,1503,766767,24,22757,49735
385,2021-03-21,Belgium,1590,840849,777,767544,24,22781,50524
386,2021-03-22,Belgium,6303,847152,3679,771223,34,22815,53114
387,2021-03-23,Belgium,6022,853174,3397,774620,24,22839,55715
388,2021-03-24,Belgium,5591,858765,3390,778010,27,22866,57889
389,2021-03-25,Belgium,5638,864403,3497,781507,34,22900,59996
390,2021-03-26,Belgium,5759,870162,3750,785257,20,22920,61985
391,2021-03-27,Belgium,3077,873239,2160,787417,28,22948,62874
392,2021-03-28,Belgium,1701,874940,1378,788795,23,22971,63174
393,2021-03-29,Belgium,6187,881127,5259,794054,31,23002,64071
394,2021-03-30,Belgium,5223,886350,4587,798641,33,23035,64674
395,2021-03-31,Belgium,4733,891083,4827,803468,31,23066,64549
396,2021-04-01,Belgium,4719,895802,5033,808501,40,23106,64195
397,2021-04-02,Belgium,4923,900725,5172,813673,46,23152,63900
398,2021-04-03,Belgium,2720,903445,2829,816502,40,23192,63751
399,2021-04-04,Belgium,1510,904955,1566,818068,36,23228,63659
400,2021-04-05,Belgium,1581,906536,6269,824337,49,23277,58922
401,2021-04-06,Belgium,5270,911806,5998,830335,46,23323,58148
402,2021-04-07,Belgium,4762,916568,5564,835899,42,23365,57304
403,2021-04-08,Belgium,4484,921052,5604,841503,43,23408,56141
404,2021-04-09,Belgium,4507,925559,5739,847242,44,23452,54865
405,2021-04-10,Belgium,2367,927926,3049,850291,46,23498,54137
406,2021-04-11,Belgium,1301,929227,1678,851969,22,23520,53738
407,2021-04-12,Belgium,4752,933979,6156,858125,43,23563,52291
408,2021-04-13,Belgium,4303,938282,5190,863315,37,23600,51367
409,2021-04-14,Belgium,3915,942197,4702,868017,39,23639,50541
410,2021-04-15,Belgium,3813,946010,4679,872696,42,23681,49633
411,2021-04-16,Belgium,4044,950054,4877,877573,45,23726,48755
412,2021-04-17,Belgium,2335,952389,2680,880253,30,23756,48380
413,2021-04-18,Belgium,1310,953699,1474,881727,34,23790,48182
414,2021-04-19,Belgium,5469,959168,1532,883259,50,23840,52069
415,2021-04-20,Belgium,4463,963631,5224,888483,36,23876,51272
416,2021-04-21,Belgium,4085,967716,4720,893203,36,23912,50601
417,2021-04-22,Belgium,3810,971526,4441,897644,43,23955,49927
418,2021-04-23,Belgium,3640,975166,4463,902107,42,23997,49062
419,2021-04-24,Belgium,1904,977070,2321,904428,36,24033,48609
420,2021-04-25,Belgium,1138,978208,1279,905707,39,24072,48429
421,2021-04-26,Belgium,4273,982481,4709,910416,44,24116,47949
422,2021-04-27,Belgium,3775,986256,4266,914682,26,24142,47432
423,2021-04-28,Belgium,3460,989716,3876,918558,49,24191,46967
424,2021-04-29,Belgium,3365,993081,3771,922329,46,24237,46515
425,2021-04-30,Belgium,3483,996564,3999,926328,33,24270,45966
426,2021-05-01,Belgium,1340,997904,2305,928633,28,24298,44973
427,2021-05-02,Belgium,1144,999048,1276,929909,34,24332,44807
428,2021-05-03,Belgium,4342,1003390,5419,935328,43,24375,43687
429,2021-05-04,Belgium,3661,1007051,4427,939755,40,24415,42881
430,2021-05-05,Belgium,3643,1010694,4049,943804,38,24453,42437
431,2021-05-06,Belgium,3501,1014195,3767,947571,38,24491,42133
432,2021-05-07,Belgium,3312,1017507,3598,951169,26,24517,41821
433,2021-05-08,Belgium,1717,1019224,1868,953037,42,24559,41628
434,2021-05-09,Belgium,868,1020092,1099,954136,32,24591,41365
435,2021-05-10,Belgium,3370,1023462,4229,958365,28,24619,40478
436,2021-05-11,Belgium,3003,1026465,3749,962114,17,24636,39715
437,2021-05-12,Belgium,2811,1029276,3411,965525,19,24655,39096
438,2021-05-13,Belgium,935,1030211,3319,968844,21,24676,36691
439,2021-05-14,Belgium,2568,1032779,3450,972294,20,24696,35789
440,2021-05-15,Belgium,1272,1034051,1312,973606,22,24718,35727
441,2021-05-16,Belgium,757,1034808,1110,974716,17,24735,35357
442,2021-05-17,Belgium,3594,1038402,4299,979015,24,24759,34628
443,2021-05-18,Belgium,3269,1041671,3621,982636,17,24776,34259
444,2021-05-19,Belgium,3156,1044827,3605,986241,25,24801,33785
445,2021-05-20,Belgium,2409,1047236,3463,989704,16,24817,32715
446,2021-05-21,Belgium,2445,1049681,3286,992990,18,24835,31856
447,2021-05-22,Belgium,1423,1051104,1675,994665,18,24853,31586
448,2021-05-23,Belgium,772,1051876,836,995501,11,24864,31511
449,2021-05-24,Belgium,889,1052765,3342,998843,19,24883,29039
450,2021-05-25,Belgium,2748,1055513,2986,1001829,16,24899,28785
451,2021-05-26,Belgium,2518,1058031,2792,1004621,14,24913,28497
452,2021-05-27,Belgium,2185,1060216,914,1005535,6,24919,29762
453,2021-05-28,Belgium,2008,1062224,2548,1008083,11,24930,29211
454,2021-05-29,Belgium,1108,1063332,1250,1009333,16,24946,29053
455,2021-05-30,Belgium,593,1063925,740,1010073,18,24964,28888
456,2021-05-31,Belgium,2023,1065948,3570,1013643,14,24978,27327
457,2021-06-01,Belgium,1683,1067631,3252,1016895,11,24989,25747
458,2021-06-02,Belgium,1493,1069124,3131,1020026,16,25005,24093
459,2021-06-03,Belgium,1461,1070585,2393,1022419,15,25020,23146
460,2021-06-04,Belgium,1341,1071926,2427,1024846,10,25030,22050
461,2021-06-05,Belgium,648,1072574,1405,1026251,13,25043,21280
462,2021-06-06,Belgium,389,1072963,761,1027012,7,25050,20901
463,2021-06-07,Belgium,1226,1074189,870,1027882,5,25055,21252
464,2021-06-08,Belgium,1030,1075219,2732,1030614,13,25068,19537
465,2021-06-09,Belgium,831,1076050,2504,1033118,6,25074,17858
466,2021-06-10,Belgium,756,1076806,2179,1035297,7,25081,16428
467,2021-06-11,Belgium,775,1077581,1997,1037294,9,25090,15197
468,2021-06-12,Belgium,389,1077970,1092,1038386,6,25096,14488
469,2021-06-13,Belgium,203,1078173,575,1038961,4,25100,14112
470,2021-06-14,Belgium,757,1078930,2009,1040970,5,25105,12855
471,2021-06-15,Belgium,528,1079458,1672,1042642,6,25111,11705
472,2021-06-16,Belgium,416,1079874,1477,1044119,6,25117,10638
473,2021-06-17,Belgium,447,1080321,1446,1045565,7,25124,9632
474,2021-06-18,Belgium,421,1080742,1331,1046896,9,25133,8713
475,2021-06-19,Belgium,267,1081009,635,1047531,5,25138,8340
476,2021-06-20,Belgium,129,1081138,382,1047913,3,25141,8084
477,2021-06-21,Belgium,465,1081603,1221,1049134,5,25146,7323
478,2021-06-22,Belgium,365,1081968,1017,1050151,3,25149,6668
479,2021-06-23,Belgium,385,1082353,825,1050976,5,25154,6223
480,2021-06-24,Belgium,326,1082679,749,1051725,5,25159,5795
481,2021-06-25,Belgium,378,1083057,766,1052491,5,25164,5402
482,2021-06-26,Belgium,235,1083292,383,1052874,1,25165,5253
483,2021-06-27,Belgium,92,1083384,199,1053073,3,25168,5143
484,2021-06-28,Belgium,0,1083384,0,1053073,0,25168,5143
485,2021-06-29,Belgium,0,1083384,0,1053073,0,25168,5143
486,2020-03-01,VlaamsBrabant,7,7,0,0,0,0,7
487,2020-03-02,VlaamsBrabant,8,15,0,0,0,0,15
488,2020-03-03,VlaamsBrabant,6,21,0,0,0,0,21
489,2020-03-04,VlaamsBrabant,11,32,0,0,0,0,32
490,2020-03-05,VlaamsBrabant,17,49,0,0,0,0,49
491,2020-03-06,VlaamsBrabant,17,66,0,0,0,0,66
492,2020-03-07,VlaamsBrabant,0,66,0,0,0,0,66
493,2020-03-08,VlaamsBrabant,6,72,0,0,0,0,72
494,2020-03-09,VlaamsBrabant,14,86,0,0,0,0,86
495,2020-03-10,VlaamsBrabant,12,98,0,0,0,0,98
496,2020-03-11,VlaamsBrabant,27,125,0,0,0,0,125
497,2020-03-12,VlaamsBrabant,31,156,0,0,0,0,156
498,2020-03-13,VlaamsBrabant,37,193,0,0,0,0,193
499,2020-03-14,VlaamsBrabant,12,205,0,0,0,0,205
500,2020-03-15,VlaamsBrabant,27,232,7,7,0,0,225
501,2020-03-16,VlaamsBrabant,43,275,8,15,0,0,260
502,2020-03-17,VlaamsBrabant,41,316,6,21,0,0,295
503,2020-03-18,VlaamsBrabant,61,377,11,32,0,0,345
504,2020-03-19,VlaamsBrabant,70,447,17,49,0,0,398
505,2020-03-20,VlaamsBrabant,77,524,17,66,0,0,458
506,2020-03-21,VlaamsBrabant,47,571,0,66,0,0,505
507,2020-03-22,VlaamsBrabant,43,614,6,72,0,0,542
508,2020-03-23,VlaamsBrabant,132,746,14,86,0,0,660
509,2020-03-24,VlaamsBrabant,105,851,12,98,0,0,753
510,2020-03-25,VlaamsBrabant,128,979,27,125,0,0,854
511,2020-03-26,VlaamsBrabant,140,1119,31,156,0,0,963
512,2020-03-27,VlaamsBrabant,161,1280,37,193,0,0,1087
513,2020-03-28,VlaamsBrabant,96,1376,12,205,0,0,1171
514,2020-03-29,VlaamsBrabant,58,1434,27,232,0,0,1202
515,2020-03-30,VlaamsBrabant,149,1583,43,275,0,0,1308
516,2020-03-31,VlaamsBrabant,154,1737,41,316,0,0,1421
517,2020-04-01,VlaamsBrabant,152,1889,61,377,0,0,1512
518,2020-04-02,VlaamsBrabant,140,2029,70,447,0,0,1582
519,2020-04-03,VlaamsBrabant,170,2199,77,524,0,0,1675
520,2020-04-04,VlaamsBrabant,132,2331,47,571,0,0,1760
521,2020-04-05,VlaamsBrabant,45,2376,43,614,0,0,1762
522,2020-04-06,VlaamsBrabant,196,2572,132,746,0,0,1826
523,2020-04-07,VlaamsBrabant,131,2703,105,851,0,0,1852
524,2020-04-08,VlaamsBrabant,146,2849,128,979,0,0,1870
525,2020-04-09,VlaamsBrabant,173,3022,140,1119,0,0,1903
526,2020-04-10,VlaamsBrabant,227,3249,161,1280,0,0,1969
527,2020-04-11,VlaamsBrabant,192,3441,96,1376,0,0,2065
528,2020-04-12,VlaamsBrabant,60,3501,58,1434,0,0,2067
529,2020-04-13,VlaamsBrabant,86,3587,149,1583,0,0,2004
530,2020-04-14,VlaamsBrabant,95,3682,154,1737,0,0,1945
531,2020-04-15,VlaamsBrabant,110,3792,152,1889,0,0,1903
532,2020-04-16,VlaamsBrabant,128,3920,140,2029,0,0,1891
533,2020-04-17,VlaamsBrabant,116,4036,170,2199,0,0,1837
534,2020-04-18,VlaamsBrabant,32,4068,132,2331,0,0,1737
535,2020-04-19,VlaamsBrabant,23,4091,45,2376,0,0,1715
536,2020-04-20,VlaamsBrabant,57,4148,196,2572,0,0,1576
537,2020-04-21,VlaamsBrabant,105,4253,131,2703,0,0,1550
538,2020-04-22,VlaamsBrabant,105,4358,146,2849,0,0,1509
539,2020-04-23,VlaamsBrabant,61,4419,173,3022,0,0,1397
540,2020-04-24,VlaamsBrabant,105,4524,227,3249,0,0,1275
541,2020-04-25,VlaamsBrabant,20,4544,192,3441,0,0,1103
542,2020-04-26,VlaamsBrabant,18,4562,60,3501,0,0,1061
543,2020-04-27,VlaamsBrabant,73,4635,86,3587,0,0,1048
544,2020-04-28,VlaamsBrabant,55,4690,95,3682,0,0,1008
545,2020-04-29,VlaamsBrabant,30,4720,110,3792,0,0,928
546,2020-04-30,VlaamsBrabant,39,4759,128,3920,0,0,839
547,2020-05-01,VlaamsBrabant,20,4779,116,4036,0,0,743
548,2020-05-02,VlaamsBrabant,35,4814,32,4068,0,0,746
549,2020-05-03,VlaamsBrabant,13,4827,23,4091,0,0,736
550,2020-05-04,VlaamsBrabant,49,4876,57,4148,0,0,728
551,2020-05-05,VlaamsBrabant,37,4913,105,4253,0,0,660
552,2020-05-06,VlaamsBrabant,43,4956,105,4358,0,0,598
553,2020-05-07,VlaamsBrabant,19,4975,61,4419,0,0,556
554,2020-05-08,VlaamsBrabant,30,5005,105,4524,0,0,481
555,2020-05-09,VlaamsBrabant,11,5016,20,4544,0,0,472
556,2020-05-10,VlaamsBrabant,7,5023,18,4562,0,0,461
557,2020-05-11,VlaamsBrabant,34,5057,73,4635,0,0,422
558,2020-05-12,VlaamsBrabant,27,5084,55,4690,0,0,394
559,2020-05-13,VlaamsBrabant,25,5109,30,4720,0,0,389
560,2020-05-14,VlaamsBrabant,16,5125,39,4759,0,0,366
561,2020-05-15,VlaamsBrabant,12,5137,20,4779,0,0,358
562,2020-05-16,VlaamsBrabant,11,5148,35,4814,0,0,334
563,2020-05-17,VlaamsBrabant,7,5155,13,4827,0,0,328
564,2020-05-18,VlaamsBrabant,20,5175,49,4876,0,0,299
565,2020-05-19,VlaamsBrabant,16,5191,37,4913,0,0,278
566,2020-05-20,VlaamsBrabant,17,5208,43,4956,0,0,252
567,2020-05-21,VlaamsBrabant,3,5211,19,4975,0,0,236
568,2020-05-22,VlaamsBrabant,17,5228,30,5005,0,0,223
569,2020-05-23,VlaamsBrabant,5,5233,11,5016,0,0,217
570,2020-05-24,VlaamsBrabant,4,5237,7,5023,0,0,214
571,2020-05-25,VlaamsBrabant,14,5251,34,5057,0,0,194
572,2020-05-26,VlaamsBrabant,15,5266,27,5084,0,0,182
573,2020-05-27,VlaamsBrabant,15,5281,25,5109,0,0,172
574,2020-05-28,VlaamsBrabant,6,5287,16,5125,0,0,162
575,2020-05-29,VlaamsBrabant,11,5298,12,5137,0,0,161
576,2020-05-30,VlaamsBrabant,7,5305,11,5148,0,0,157
577,2020-05-31,VlaamsBrabant,2,5307,7,5155,0,0,152
578,2020-06-01,VlaamsBrabant,3,5310,20,5175,0,0,135
579,2020-06-02,VlaamsBrabant,12,5322,16,5191,0,0,131
580,2020-06-03,VlaamsBrabant,14,5336,17,5208,0,0,128
581,2020-06-04,VlaamsBrabant,15,5351,3,5211,0,0,140
582,2020-06-05,VlaamsBrabant,14,5365,17,5228,0,0,137
583,2020-06-06,VlaamsBrabant,6,5371,5,5233,0,0,138
584,2020-06-07,VlaamsBrabant,4,5375,4,5237,0,0,138
585,2020-06-08,VlaamsBrabant,20,5395,14,5251,0,0,144
586,2020-06-09,VlaamsBrabant,12,5407,15,5266,0,0,141
587,2020-06-10,VlaamsBrabant,14,5421,15,5281,0,0,140
588,2020-06-11,VlaamsBrabant,6,5427,6,5287,0,0,140
589,2020-06-12,VlaamsBrabant,7,5434,11,5298,0,0,136
590,2020-06-13,VlaamsBrabant,3,5437,7,5305,0,0,132
591,2020-06-14,VlaamsBrabant,2,5439,2,5307,0,0,132
592,2020-06-15,VlaamsBrabant,9,5448,3,5310,0,0,138
593,2020-06-16,VlaamsBrabant,8,5456,12,5322,0,0,134
594,2020-06-17,VlaamsBrabant,10,5466,14,5336,0,0,130
595,2020-06-18,VlaamsBrabant,8,5474,15,5351,0,0,123
596,2020-06-19,VlaamsBrabant,5,5479,14,5365,0,0,114
597,2020-06-20,VlaamsBrabant,1,5480,6,5371,0,0,109
598,2020-06-21,VlaamsBrabant,2,5482,4,5375,0,0,107
599,2020-06-22,VlaamsBrabant,6,5488,20,5395,0,0,93
600,2020-06-23,VlaamsBrabant,4,5492,12,5407,0,0,85
601,2020-06-24,VlaamsBrabant,5,5497,14,5421,0,0,76
602,2020-06-25,VlaamsBrabant,9,5506,6,5427,0,0,79
603,2020-06-26,VlaamsBrabant,5,5511,7,5434,0,0,77
604,2020-06-27,VlaamsBrabant,3,5514,3,5437,0,0,77
605,2020-06-28,VlaamsBrabant,1,5515,2,5439,0,0,76
606,2020-06-29,VlaamsBrabant,8,5523,9,5448,0,0,75
607,2020-06-30,VlaamsBrabant,5,5528,8,5456,0,0,72
608,2020-07-01,VlaamsBrabant,7,5535,10,5466,0,0,69
609,2020-07-02,VlaamsBrabant,13,5548,8,5474,0,0,74
610,2020-07-03,VlaamsBrabant,2,5550,5,5479,0,0,71
611,2020-07-04,VlaamsBrabant,3,5553,1,5480,0,0,73
612,2020-07-05,VlaamsBrabant,0,5553,2,5482,0,0,71
613,2020-07-06,VlaamsBrabant,9,5562,6,5488,0,0,74
614,2020-07-07,VlaamsBrabant,8,5570,4,5492,0,0,78
615,2020-07-08,VlaamsBrabant,9,5579,5,5497,0,0,82
616,2020-07-09,VlaamsBrabant,7,5586,9,5506,0,0,80
617,2020-07-10,VlaamsBrabant,10,5596,5,5511,0,0,85
618,2020-07-11,VlaamsBrabant,5,5601,3,5514,0,0,87
619,2020-07-12,VlaamsBrabant,3,5604,1,5515,0,0,89
620,2020-07-13,VlaamsBrabant,9,5613,8,5523,0,0,90
621,2020-07-14,VlaamsBrabant,14,5627,5,5528,0,0,99
622,2020-07-15,VlaamsBrabant,17,5644,7,5535,0,0,109
623,2020-07-16,VlaamsBrabant,18,5662,13,5548,0,0,114
624,2020-07-17,VlaamsBrabant,10,5672,2,5550,0,0,122
625,2020-07-18,VlaamsBrabant,7,5679,3,5553,0,0,126
626,2020-07-19,VlaamsBrabant,1,5680,0,5553,0,0,127
627,2020-07-20,VlaamsBrabant,21,5701,9,5562,0,0,139
628,2020-07-21,VlaamsBrabant,1,5702,8,5570,0,0,132
629,2020-07-22,VlaamsBrabant,27,5729,9,5579,0,0,150
630,2020-07-23,VlaamsBrabant,18,5747,7,5586,0,0,161
631,2020-07-24,VlaamsBrabant,18,5765,10,5596,0,0,169
632,2020-07-25,VlaamsBrabant,7,5772,5,5601,0,0,171
633,2020-07-26,VlaamsBrabant,7,5779,3,5604,0,0,175
634,2020-07-27,VlaamsBrabant,24,5803,9,5613,0,0,190
635,2020-07-28,VlaamsBrabant,32,5835,14,5627,0,0,208
636,2020-07-29,VlaamsBrabant,37,5872,17,5644,0,0,228
637,2020-07-30,VlaamsBrabant,48,5920,18,5662,0,0,258
638,2020-07-31,VlaamsBrabant,30,5950,10,5672,0,0,278
639,2020-08-01,VlaamsBrabant,15,5965,7,5679,0,0,286
640,2020-08-02,VlaamsBrabant,3,5968,1,5680,0,0,288
641,2020-08-03,VlaamsBrabant,48,6016,21,5701,0,0,315
642,2020-08-04,VlaamsBrabant,49,6065,1,5702,0,0,363
643,2020-08-05,VlaamsBrabant,54,6119,27,5729,0,0,390
644,2020-08-06,VlaamsBrabant,36,6155,18,5747,0,0,408
645,2020-08-07,VlaamsBrabant,38,6193,18,5765,0,0,428
646,2020-08-08,VlaamsBrabant,11,6204,7,5772,0,0,432
647,2020-08-09,VlaamsBrabant,11,6215,7,5779,0,0,436
648,2020-08-10,VlaamsBrabant,56,6271,24,5803,0,0,468
649,2020-08-11,VlaamsBrabant,37,6308,32,5835,0,0,473
650,2020-08-12,VlaamsBrabant,29,6337,37,5872,0,0,465
651,2020-08-13,VlaamsBrabant,47,6384,48,5920,0,0,464
652,2020-08-14,VlaamsBrabant,44,6428,30,5950,0,0,478
653,2020-08-15,VlaamsBrabant,14,6442,15,5965,0,0,477
654,2020-08-16,VlaamsBrabant,6,6448,3,5968,0,0,480
655,2020-08-17,VlaamsBrabant,65,6513,48,6016,0,0,497
656,2020-08-18,VlaamsBrabant,58,6571,49,6065,0,0,506
657,2020-08-19,VlaamsBrabant,43,6614,54,6119,0,0,495
658,2020-08-20,VlaamsBrabant,42,6656,36,6155,0,0,501
659,2020-08-21,VlaamsBrabant,49,6705,38,6193,0,0,512
660,2020-08-22,VlaamsBrabant,13,6718,11,6204,0,0,514
661,2020-08-23,VlaamsBrabant,7,6725,11,6215,0,0,510
662,2020-08-24,VlaamsBrabant,64,6789,56,6271,0,0,518
663,2020-08-25,VlaamsBrabant,49,6838,37,6308,0,0,530
664,2020-08-26,VlaamsBrabant,53,6891,29,6337,0,0,554
665,2020-08-27,VlaamsBrabant,59,6950,47,6384,0,0,566
666,2020-08-28,VlaamsBrabant,57,7007,44,6428,0,0,579
667,2020-08-29,VlaamsBrabant,17,7024,14,6442,0,0,582
668,2020-08-30,VlaamsBrabant,10,7034,6,6448,0,0,586
669,2020-08-31,VlaamsBrabant,55,7089,65,6513,0,0,576
670,2020-09-01,VlaamsBrabant,51,7140,58,6571,0,0,569
671,2020-09-02,VlaamsBrabant,38,7178,43,6614,0,0,564
672,2020-09-03,VlaamsBrabant,58,7236,42,6656,0,0,580
673,2020-09-04,VlaamsBrabant,50,7286,49,6705,0,0,581
674,2020-09-05,VlaamsBrabant,23,7309,13,6718,0,0,591
675,2020-09-06,VlaamsBrabant,14,7323,7,6725,0,0,598
676,2020-09-07,VlaamsBrabant,86,7409,64,6789,0,0,620
677,2020-09-08,VlaamsBrabant,73,7482,49,6838,0,0,644
678,2020-09-09,VlaamsBrabant,70,7552,53,6891,0,0,661
679,2020-09-10,VlaamsBrabant,76,7628,59,6950,0,0,678
680,2020-09-11,VlaamsBrabant,81,7709,57,7007,0,0,702
681,2020-09-12,VlaamsBrabant,42,7751,17,7024,0,0,727
682,2020-09-13,VlaamsBrabant,35,7786,10,7034,0,0,752
683,2020-09-14,VlaamsBrabant,178,7964,55,7089,0,0,875
684,2020-09-15,VlaamsBrabant,145,8109,51,7140,0,0,969
685,2020-09-16,VlaamsBrabant,189,8298,38,7178,0,0,1120
686,2020-09-17,VlaamsBrabant,137,8435,58,7236,0,0,1199
687,2020-09-18,VlaamsBrabant,136,8571,50,7286,0,0,1285
688,2020-09-19,VlaamsBrabant,70,8641,23,7309,0,0,1332
689,2020-09-20,VlaamsBrabant,29,8670,14,7323,0,0,1347
690,2020-09-21,VlaamsBrabant,208,8878,86,7409,0,0,1469
691,2020-09-22,VlaamsBrabant,208,9086,73,7482,0,0,1604
692,2020-09-23,VlaamsBrabant,160,9246,70,7552,0,0,1694
693,2020-09-24,VlaamsBrabant,169,9415,76,7628,0,0,1787
694,2020-09-25,VlaamsBrabant,179,9594,81,7709,0,0,1885
695,2020-09-26,VlaamsBrabant,60,9654,42,7751,0,0,1903
696,2020-09-27,VlaamsBrabant,41,9695,35,7786,0,0,1909
697,2020-09-28,VlaamsBrabant,236,9931,178,7964,0,0,1967
698,2020-09-29,VlaamsBrabant,286,10217,145,8109,0,0,2108
699,2020-09-30,VlaamsBrabant,246,10463,189,8298,0,0,2165
700,2020-10-01,VlaamsBrabant,319,10782,137,8435,0,0,2347
701,2020-10-02,VlaamsBrabant,285,11067,136,8571,0,0,2496
702,2020-10-03,VlaamsBrabant,160,11227,70,8641,0,0,2586
703,2020-10-04,VlaamsBrabant,98,11325,29,8670,0,0,2655
704,2020-10-05,VlaamsBrabant,510,11835,208,8878,0,0,2957
705,2020-10-06,VlaamsBrabant,499,12334,208,9086,0,0,3248
706,2020-10-07,VlaamsBrabant,575,12909,160,9246,0,0,3663
707,2020-10-08,VlaamsBrabant,534,13443,169,9415,0,0,4028
708,2020-10-09,VlaamsBrabant,670,14113,179,9594,0,0,4519
709,2020-10-10,VlaamsBrabant,327,14440,60,9654,0,0,4786
710,2020-10-11,VlaamsBrabant,186,14626,41,9695,0,0,4931
711,2020-10-12,VlaamsBrabant,922,15548,236,9931,0,0,5617
712,2020-10-13,VlaamsBrabant,1067,16615,286,10217,0,0,6398
713,2020-10-14,VlaamsBrabant,968,17583,246,10463,0,0,7120
714,2020-10-15,VlaamsBrabant,881,18464,319,10782,0,0,7682
715,2020-10-16,VlaamsBrabant,1227,19691,285,11067,0,0,8624
716,2020-10-17,VlaamsBrabant,530,20221,160,11227,0,0,8994
717,2020-10-18,VlaamsBrabant,281,20502,98,11325,0,0,9177
718,2020-10-19,VlaamsBrabant,1498,22000,510,11835,0,0,10165
719,2020-10-20,VlaamsBrabant,1682,23682,499,12334,0,0,11348
720,2020-10-21,VlaamsBrabant,1359,25041,575,12909,0,0,12132
721,2020-10-22,VlaamsBrabant,1415,26456,534,13443,0,0,13013
722,2020-10-23,VlaamsBrabant,1394,27850,670,14113,0,0,13737
723,2020-10-24,VlaamsBrabant,715,28565,327,14440,0,0,14125
724,2020-10-25,VlaamsBrabant,265,28830,186,14626,0,0,14204
725,2020-10-26,VlaamsBrabant,1764,30594,922,15548,0,0,15046
726,2020-10-27,VlaamsBrabant,1616,32210,1067,16615,0,0,15595
727,2020-10-28,VlaamsBrabant,1077,33287,968,17583,0,0,15704
728,2020-10-29,VlaamsBrabant,958,34245,881,18464,0,0,15781
729,2020-10-30,VlaamsBrabant,953,35198,1227,19691,0,0,15507
730,2020-10-31,VlaamsBrabant,363,35561,530,20221,0,0,15340
731,2020-11-01,VlaamsBrabant,157,35718,281,20502,0,0,15216
732,2020-11-02,VlaamsBrabant,1025,36743,1498,22000,0,0,14743
733,2020-11-03,VlaamsBrabant,682,37425,1682,23682,0,0,13743
734,2020-11-04,VlaamsBrabant,615,38040,1359,25041,0,0,12999
735,2020-11-05,VlaamsBrabant,496,38536,1415,26456,0,0,12080
736,2020-11-06,VlaamsBrabant,368,38904,1394,27850,0,0,11054
737,2020-11-07,VlaamsBrabant,191,39095,715,28565,0,0,10530
738,2020-11-08,VlaamsBrabant,93,39188,265,28830,0,0,10358
739,2020-11-09,VlaamsBrabant,591,39779,1764,30594,0,0,9185
740,2020-11-10,VlaamsBrabant,479,40258,1616,32210,0,0,8048
741,2020-11-11,VlaamsBrabant,95,40353,1077,33287,0,0,7066
742,2020-11-12,VlaamsBrabant,473,40826,958,34245,0,0,6581
743,2020-11-13,VlaamsBrabant,323,41149,953,35198,0,0,5951
744,2020-11-14,VlaamsBrabant,124,41273,363,35561,0,0,5712
745,2020-11-15,VlaamsBrabant,48,41321,157,35718,0,0,5603
746,2020-11-16,VlaamsBrabant,422,41743,1025,36743,0,0,5000
747,2020-11-17,VlaamsBrabant,236,41979,682,37425,0,0,4554
748,2020-11-18,VlaamsBrabant,215,42194,615,38040,0,0,4154
749,2020-11-19,VlaamsBrabant,204,42398,496,38536,0,0,3862
750,2020-11-20,VlaamsBrabant,205,42603,368,38904,0,0,3699
751,2020-11-21,VlaamsBrabant,82,42685,191,39095,0,0,3590
752,2020-11-22,VlaamsBrabant,45,42730,93,39188,0,0,3542
753,2020-11-23,VlaamsBrabant,318,43048,591,39779,0,0,3269
754,2020-11-24,VlaamsBrabant,219,43267,479,40258,0,0,3009
755,2020-11-25,VlaamsBrabant,192,43459,95,40353,0,0,3106
756,2020-11-26,VlaamsBrabant,174,43633,473,40826,0,0,2807
757,2020-11-27,VlaamsBrabant,260,43893,323,41149,0,0,2744
758,2020-11-28,VlaamsBrabant,65,43958,124,41273,0,0,2685
759,2020-11-29,VlaamsBrabant,41,43999,48,41321,0,0,2678
760,2020-11-30,VlaamsBrabant,290,44289,422,41743,0,0,2546
761,2020-12-01,VlaamsBrabant,206,44495,236,41979,0,0,2516
762,2020-12-02,VlaamsBrabant,216,44711,215,42194,0,0,2517
763,2020-12-03,VlaamsBrabant,213,44924,204,42398,0,0,2526
764,2020-12-04,VlaamsBrabant,253,45177,205,42603,0,0,2574
765,2020-12-05,VlaamsBrabant,89,45266,82,42685,0,0,2581
766,2020-12-06,VlaamsBrabant,83,45349,45,42730,0,0,2619
767,2020-12-07,VlaamsBrabant,252,45601,318,43048,0,0,2553
768,2020-12-08,VlaamsBrabant,227,45828,219,43267,0,0,2561
769,2020-12-09,VlaamsBrabant,180,46008,192,43459,0,0,2549
770,2020-12-10,VlaamsBrabant,197,46205,174,43633,0,0,2572
771,2020-12-11,VlaamsBrabant,184,46389,260,43893,0,0,2496
772,2020-12-12,VlaamsBrabant,124,46513,65,43958,0,0,2555
773,2020-12-13,VlaamsBrabant,53,46566,41,43999,0,0,2567
774,2020-12-14,VlaamsBrabant,272,46838,290,44289,0,0,2549
775,2020-12-15,VlaamsBrabant,268,47106,206,44495,0,0,2611
776,2020-12-16,VlaamsBrabant,180,47286,216,44711,0,0,2575
777,2020-12-17,VlaamsBrabant,159,47445,213,44924,0,0,2521
778,2020-12-18,VlaamsBrabant,198,47643,253,45177,0,0,2466
779,2020-12-19,VlaamsBrabant,80,47723,89,45266,0,0,2457
780,2020-12-20,VlaamsBrabant,44,47767,83,45349,0,0,2418
781,2020-12-21,VlaamsBrabant,226,47993,252,45601,0,0,2392
782,2020-12-22,VlaamsBrabant,202,48195,227,45828,0,0,2367
783,2020-12-23,VlaamsBrabant,186,48381,180,46008,0,0,2373
784,2020-12-24,VlaamsBrabant,120,48501,197,46205,0,0,2296
785,2020-12-25,VlaamsBrabant,35,48536,184,46389,0,0,2147
786,2020-12-26,VlaamsBrabant,64,48600,124,46513,0,0,2087
787,2020-12-27,VlaamsBrabant,35,48635,53,46566,0,0,2069
788,2020-12-28,VlaamsBrabant,183,48818,272,46838,0,0,1980
789,2020-12-29,VlaamsBrabant,202,49020,268,47106,0,0,1914
790,2020-12-30,VlaamsBrabant,167,49187,180,47286,0,0,1901
791,2020-12-31,VlaamsBrabant,124,49311,159,47445,0,0,1866
792,2021-01-01,VlaamsBrabant,26,49337,198,47643,0,0,1694
793,2021-01-02,VlaamsBrabant,69,49406,80,47723,0,0,1683
794,2021-01-03,VlaamsBrabant,60,49466,44,47767,0,0,1699
795,2021-01-04,VlaamsBrabant,278,49744,226,47993,0,0,1751
796,2021-01-05,VlaamsBrabant,213,49957,202,48195,0,0,1762
797,2021-01-06,VlaamsBrabant,214,50171,186,48381,0,0,1790
798,2021-01-07,VlaamsBrabant,159,50330,120,48501,0,0,1829
799,2021-01-08,VlaamsBrabant,169,50499,35,48536,0,0,1963
800,2021-01-09,VlaamsBrabant,97,50596,64,48600,0,0,1996
801,2021-01-10,VlaamsBrabant,67,50663,35,48635,0,0,2028
802,2021-01-11,VlaamsBrabant,227,50890,183,48818,0,0,2072
803,2021-01-12,VlaamsBrabant,178,51068,202,49020,0,0,2048
804,2021-01-13,VlaamsBrabant,176,51244,167,49187,0,0,2057
805,2021-01-14,VlaamsBrabant,210,51454,124,49311,0,0,2143
806,2021-01-15,VlaamsBrabant,159,51613,26,49337,0,0,2276
807,2021-01-16,VlaamsBrabant,79,51692,69,49406,0,0,2286
808,2021-01-17,VlaamsBrabant,54,51746,60,49466,0,0,2280
809,2021-01-18,VlaamsBrabant,253,51999,278,49744,0,0,2255
810,2021-01-19,VlaamsBrabant,221,52220,213,49957,0,0,2263
811,2021-01-20,VlaamsBrabant,181,52401,214,50171,0,0,2230
812,2021-01-21,VlaamsBrabant,172,52573,159,50330,0,0,2243
813,2021-01-22,VlaamsBrabant,223,52796,169,50499,0,0,2297
814,2021-01-23,VlaamsBrabant,101,52897,97,50596,0,0,2301
815,2021-01-24,VlaamsBrabant,88,52985,67,50663,0,0,2322
816,2021-01-25,VlaamsBrabant,332,53317,227,50890,0,0,2427
817,2021-01-26,VlaamsBrabant,258,53575,178,51068,0,0,2507
818,2021-01-27,VlaamsBrabant,228,53803,176,51244,0,0,2559
819,2021-01-28,VlaamsBrabant,229,54032,210,51454,0,0,2578
820,2021-01-29,VlaamsBrabant,251,54283,159,51613,0,0,2670
821,2021-01-30,VlaamsBrabant,136,54419,79,51692,0,0,2727
822,2021-01-31,VlaamsBrabant,60,54479,54,51746,0,0,2733
823,2021-02-01,VlaamsBrabant,284,54763,253,51999,0,0,2764
824,2021-02-02,VlaamsBrabant,312,55075,221,52220,0,0,2855
825,2021-02-03,VlaamsBrabant,204,55279,181,52401,0,0,2878
826,2021-02-04,VlaamsBrabant,196,55475,172,52573,0,0,2902
827,2021-02-05,VlaamsBrabant,199,55674,223,52796,0,0,2878
828,2021-02-06,VlaamsBrabant,93,55767,101,52897,0,0,2870
829,2021-02-07,VlaamsBrabant,43,55810,88,52985,0,0,2825
830,2021-02-08,VlaamsBrabant,209,56019,332,53317,0,0,2702
831,2021-02-09,VlaamsBrabant,180,56199,258,53575,0,0,2624
832,2021-02-10,VlaamsBrabant,173,56372,228,53803,0,0,2569
833,2021-02-11,VlaamsBrabant,170,56542,229,54032,0,0,2510
834,2021-02-12,VlaamsBrabant,152,56694,251,54283,0,0,2411
835,2021-02-13,VlaamsBrabant,95,56789,136,54419,0,0,2370
836,2021-02-14,VlaamsBrabant,49,56838,60,54479,0,0,2359
837,2021-02-15,VlaamsBrabant,283,57121,284,54763,0,0,2358
838,2021-02-16,VlaamsBrabant,194,57315,312,55075,0,0,2240
839,2021-02-17,VlaamsBrabant,219,57534,204,55279,0,0,2255
840,2021-02-18,VlaamsBrabant,237,57771,196,55475,0,0,2296
841,2021-02-19,VlaamsBrabant,306,58077,199,55674,0,0,2403
842,2021-02-20,VlaamsBrabant,141,58218,93,55767,0,0,2451
843,2021-02-21,VlaamsBrabant,64,58282,43,55810,0,0,2472
844,2021-02-22,VlaamsBrabant,312,58594,209,56019,0,0,2575
845,2021-02-23,VlaamsBrabant,235,58829,180,56199,0,0,2630
846,2021-02-24,VlaamsBrabant,229,59058,173,56372,0,0,2686
847,2021-02-25,VlaamsBrabant,216,59274,170,56542,0,0,2732
848,2021-02-26,VlaamsBrabant,216,59490,152,56694,0,0,2796
849,2021-02-27,VlaamsBrabant,121,59611,95,56789,0,0,2822
850,2021-02-28,VlaamsBrabant,70,59681,49,56838,0,0,2843
851,2021-03-01,VlaamsBrabant,280,59961,283,57121,0,0,2840
852,2021-03-02,VlaamsBrabant,241,60202,194,57315,0,0,2887
853,2021-03-03,VlaamsBrabant,220,60422,219,57534,0,0,2888
854,2021-03-04,VlaamsBrabant,225,60647,237,57771,0,0,2876
855,2021-03-05,VlaamsBrabant,201,60848,306,58077,0,0,2771
856,2021-03-06,VlaamsBrabant,125,60973,141,58218,0,0,2755
857,2021-03-07,VlaamsBrabant,66,61039,64,58282,0,0,2757
858,2021-03-08,VlaamsBrabant,304,61343,312,58594,0,0,2749
859,2021-03-09,VlaamsBrabant,258,61601,235,58829,0,0,2772
860,2021-03-10,VlaamsBrabant,230,61831,229,59058,0,0,2773
861,2021-03-11,VlaamsBrabant,268,62099,216,59274,0,0,2825
862,2021-03-12,VlaamsBrabant,295,62394,216,59490,0,0,2904
863,2021-03-13,VlaamsBrabant,164,62558,121,59611,0,0,2947
864,2021-03-14,VlaamsBrabant,114,62672,70,59681,0,0,2991
865,2021-03-15,VlaamsBrabant,442,63114,280,59961,0,0,3153
866,2021-03-16,VlaamsBrabant,322,63436,241,60202,0,0,3234
867,2021-03-17,VlaamsBrabant,399,63835,220,60422,0,0,3413
868,2021-03-18,VlaamsBrabant,378,64213,225,60647,0,0,3566
869,2021-03-19,VlaamsBrabant,394,64607,201,60848,0,0,3759
870,2021-03-20,VlaamsBrabant,160,64767,125,60973,0,0,3794
871,2021-03-21,VlaamsBrabant,154,64921,66,61039,0,0,3882
872,2021-03-22,VlaamsBrabant,481,65402,304,61343,0,0,4059
873,2021-03-23,VlaamsBrabant,454,65856,258,61601,0,0,4255
874,2021-03-24,VlaamsBrabant,450,66306,230,61831,0,0,4475
875,2021-03-25,VlaamsBrabant,401,66707,268,62099,0,0,4608
876,2021-03-26,VlaamsBrabant,405,67112,295,62394,0,0,4718
877,2021-03-27,VlaamsBrabant,222,67334,164,62558,0,0,4776
878,2021-03-28,VlaamsBrabant,155,67489,114,62672,0,0,4817
879,2021-03-29,VlaamsBrabant,492,67981,442,63114,0,0,4867
880,2021-03-30,VlaamsBrabant,368,68349,322,63436,0,0,4913
881,2021-03-31,VlaamsBrabant,313,68662,399,63835,0,0,4827
882,2021-04-01,VlaamsBrabant,278,68940,378,64213,0,0,4727
883,2021-04-02,VlaamsBrabant,335,69275,394,64607,0,0,4668
884,2021-04-03,VlaamsBrabant,181,69456,160,64767,0,0,4689
885,2021-04-04,VlaamsBrabant,141,69597,154,64921,0,0,4676
886,2021-04-05,VlaamsBrabant,139,69736,481,65402,0,0,4334
887,2021-04-06,VlaamsBrabant,383,70119,454,65856,0,0,4263
888,2021-04-07,VlaamsBrabant,308,70427,450,66306,0,0,4121
889,2021-04-08,VlaamsBrabant,302,70729,401,66707,0,0,4022
890,2021-04-09,VlaamsBrabant,288,71017,405,67112,0,0,3905
891,2021-04-10,VlaamsBrabant,145,71162,222,67334,0,0,3828
892,2021-04-11,VlaamsBrabant,97,71259,155,67489,0,0,3770
893,2021-04-12,VlaamsBrabant,314,71573,492,67981,0,0,3592
894,2021-04-13,VlaamsBrabant,234,71807,368,68349,0,0,3458
895,2021-04-14,VlaamsBrabant,239,72046,313,68662,0,0,3384
896,2021-04-15,VlaamsBrabant,244,72290,278,68940,0,0,3350
897,2021-04-16,VlaamsBrabant,276,72566,335,69275,0,0,3291
898,2021-04-17,VlaamsBrabant,158,72724,181,69456,0,0,3268
899,2021-04-18,VlaamsBrabant,99,72823,141,69597,0,0,3226
900,2021-04-19,VlaamsBrabant,455,73278,139,69736,0,0,3542
901,2021-04-20,VlaamsBrabant,274,73552,383,70119,0,0,3433
902,2021-04-21,VlaamsBrabant,290,73842,308,70427,0,0,3415
903,2021-04-22,VlaamsBrabant,251,74093,302,70729,0,0,3364
904,2021-04-23,VlaamsBrabant,251,74344,288,71017,0,0,3327
905,2021-04-24,VlaamsBrabant,129,74473,145,71162,0,0,3311
906,2021-04-25,VlaamsBrabant,116,74589,97,71259,0,0,3330
907,2021-04-26,VlaamsBrabant,334,74923,314,71573,0,0,3350
908,2021-04-27,VlaamsBrabant,276,75199,234,71807,0,0,3392
909,2021-04-28,VlaamsBrabant,298,75497,239,72046,0,0,3451
910,2021-04-29,VlaamsBrabant,259,75756,244,72290,0,0,3466
911,2021-04-30,VlaamsBrabant,233,75989,276,72566,0,0,3423
912,2021-05-01,VlaamsBrabant,99,76088,158,72724,0,0,3364
913,2021-05-02,VlaamsBrabant,108,76196,99,72823,0,0,3373
914,2021-05-03,VlaamsBrabant,310,76506,455,73278,0,0,3228
915,2021-05-04,VlaamsBrabant,260,76766,274,73552,0,0,3214
916,2021-05-05,VlaamsBrabant,234,77000,290,73842,0,0,3158
917,2021-05-06,VlaamsBrabant,211,77211,251,74093,0,0,3118
918,2021-05-07,VlaamsBrabant,272,77483,251,74344,0,0,3139
919,2021-05-08,VlaamsBrabant,90,77573,129,74473,0,0,3100
920,2021-05-09,VlaamsBrabant,79,77652,116,74589,0,0,3063
921,2021-05-10,VlaamsBrabant,245,77897,334,74923,0,0,2974
922,2021-05-11,VlaamsBrabant,187,78084,276,75199,0,0,2885
923,2021-05-12,VlaamsBrabant,202,78286,298,75497,0,0,2789
924,2021-05-13,VlaamsBrabant,70,78356,259,75756,0,0,2600
925,2021-05-14,VlaamsBrabant,184,78540,233,75989,0,0,2551
926,2021-05-15,VlaamsBrabant,72,78612,99,76088,0,0,2524
927,2021-05-16,VlaamsBrabant,49,78661,108,76196,0,0,2465
928,2021-05-17,VlaamsBrabant,273,78934,310,76506,0,0,2428
929,2021-05-18,VlaamsBrabant,246,79180,260,76766,0,0,2414
930,2021-05-19,VlaamsBrabant,227,79407,234,77000,0,0,2407
931,2021-05-20,VlaamsBrabant,180,79587,211,77211,0,0,2376
932,2021-05-21,VlaamsBrabant,194,79781,272,77483,0,0,2298
933,2021-05-22,VlaamsBrabant,121,79902,90,77573,0,0,2329
934,2021-05-23,VlaamsBrabant,61,79963,79,77652,0,0,2311
935,2021-05-24,VlaamsBrabant,69,80032,245,77897,0,0,2135
936,2021-05-25,VlaamsBrabant,225,80257,187,78084,0,0,2173
937,2021-05-26,VlaamsBrabant,182,80439,202,78286,0,0,2153
938,2021-05-27,VlaamsBrabant,136,80575,70,78356,0,0,2219
939,2021-05-28,VlaamsBrabant,136,80711,184,78540,0,0,2171
940,2021-05-29,VlaamsBrabant,70,80781,72,78612,0,0,2169
941,2021-05-30,VlaamsBrabant,62,80843,49,78661,0,0,2182
942,2021-05-31,VlaamsBrabant,164,81007,273,78934,0,0,2073
943,2021-06-01,VlaamsBrabant,112,81119,246,79180,0,0,1939
944,2021-06-02,VlaamsBrabant,90,81209,227,79407,0,0,1802
945,2021-06-03,VlaamsBrabant,97,81306,180,79587,0,0,1719
946,2021-06-04,VlaamsBrabant,108,81414,194,79781,0,0,1633
947,2021-06-05,VlaamsBrabant,48,81462,121,79902,0,0,1560
948,2021-06-06,VlaamsBrabant,34,81496,61,79963,0,0,1533
949,2021-06-07,VlaamsBrabant,95,81591,69,80032,0,0,1559
950,2021-06-08,VlaamsBrabant,112,81703,225,80257,0,0,1446
951,2021-06-09,VlaamsBrabant,66,81769,182,80439,0,0,1330
952,2021-06-10,VlaamsBrabant,62,81831,136,80575,0,0,1256
953,2021-06-11,VlaamsBrabant,71,81902,136,80711,0,0,1191
954,2021-06-12,VlaamsBrabant,36,81938,70,80781,0,0,1157
955,2021-06-13,VlaamsBrabant,33,81971,62,80843,0,0,1128
956,2021-06-14,VlaamsBrabant,67,82038,164,81007,0,0,1031
957,2021-06-15,VlaamsBrabant,40,82078,112,81119,0,0,959
958,2021-06-16,VlaamsBrabant,41,82119,90,81209,0,0,910
959,2021-06-17,VlaamsBrabant,45,82164,97,81306,0,0,858
960,2021-06-18,VlaamsBrabant,25,82189,108,81414,0,0,775
961,2021-06-19,VlaamsBrabant,15,82204,48,81462,0,0,742
962,2021-06-20,VlaamsBrabant,11,82215,34,81496,0,0,719
963,2021-06-21,VlaamsBrabant,51,82266,95,81591,0,0,675
964,2021-06-22,VlaamsBrabant,31,82297,112,81703,0,0,594
965,2021-06-23,VlaamsBrabant,30,82327,66,81769,0,0,558
966,2021-06-24,VlaamsBrabant,33,82360,62,81831,0,0,529
967,2021-06-25,VlaamsBrabant,43,82403,71,81902,0,0,501
968,2021-06-26,VlaamsBrabant,25,82428,0,81902,0,0,526
969,2021-06-27,VlaamsBrabant,17,82445,0,81902,0,0,543
970,2021-06-28,VlaamsBrabant,0,82445,0,81902,0,0,543
971,2021-06-29,VlaamsBrabant,0,82445,0,81902,0,0,543
972,2020-03-01,WestVlaanderen,0,0,0,0,0,0,0
973,2020-03-02,WestVlaanderen,2,2,0,0,0,0,2
974,2020-03-03,WestVlaanderen,4,6,0,0,0,0,6
975,2020-03-04,WestVlaanderen,1,7,0,0,0,0,7
976,2020-03-05,WestVlaanderen,14,21,0,0,0,0,21
977,2020-03-06,WestVlaanderen,17,38,0,0,0,0,38
978,2020-03-07,WestVlaanderen,4,42,0,0,0,0,42
979,2020-03-08,WestVlaanderen,11,53,0,0,0,0,53
980,2020-03-09,WestVlaanderen,3,56,0,0,0,0,56
981,2020-03-10,WestVlaanderen,3,59,0,0,0,0,59
982,2020-03-11,WestVlaanderen,12,71,0,0,0,0,71
983,2020-03-12,WestVlaanderen,21,92,0,0,0,0,92
984,2020-03-13,WestVlaanderen,24,116,0,0,0,0,116
985,2020-03-14,WestVlaanderen,19,135,0,0,0,0,135
986,2020-03-15,WestVlaanderen,16,151,0,0,0,0,151
987,2020-03-16,WestVlaanderen,40,191,2,2,0,0,189
988,2020-03-17,WestVlaanderen,56,247,4,6,0,0,241
989,2020-03-18,WestVlaanderen,58,305,1,7,0,0,298
990,2020-03-19,WestVlaanderen,73,378,14,21,0,0,357
991,2020-03-20,WestVlaanderen,64,442,17,38,0,0,404
992,2020-03-21,WestVlaanderen,37,479,4,42,0,0,437
993,2020-03-22,WestVlaanderen,46,525,11,53,0,0,472
994,2020-03-23,WestVlaanderen,191,716,3,56,0,0,660
995,2020-03-24,WestVlaanderen,119,835,3,59,0,0,776
996,2020-03-25,WestVlaanderen,148,983,12,71,0,0,912
997,2020-03-26,WestVlaanderen,156,1139,21,92,0,0,1047
998,2020-03-27,WestVlaanderen,185,1324,24,116,0,0,1208
999,2020-03-28,WestVlaanderen,77,1401,19,135,0,0,1266
1000,2020-03-29,WestVlaanderen,62,1463,16,151,0,0,1312
1001,2020-03-30,WestVlaanderen,204,1667,40,191,0,0,1476
1002,2020-03-31,WestVlaanderen,166,1833,56,247,0,0,1586
1003,2020-04-01,WestVlaanderen,166,1999,58,305,0,0,1694
1004,2020-04-02,WestVlaanderen,173,2172,73,378,0,0,1794
1005,2020-04-03,WestVlaanderen,144,2316,64,442,0,0,1874
1006,2020-04-04,WestVlaanderen,86,2402,37,479,0,0,1923
1007,2020-04-05,WestVlaanderen,40,2442,46,525,0,0,1917
1008,2020-04-06,WestVlaanderen,223,2665,191,716,0,0,1949
1009,2020-04-07,WestVlaanderen,153,2818,119,835,0,0,1983
1010,2020-04-08,WestVlaanderen,172,2990,148,983,0,0,2007
1011,2020-04-09,WestVlaanderen,286,3276,156,1139,0,0,2137
1012,2020-04-10,WestVlaanderen,343,3619,185,1324,0,0,2295
1013,2020-04-11,WestVlaanderen,197,3816,77,1401,0,0,2415
1014,2020-04-12,WestVlaanderen,51,3867,62,1463,0,0,2404
1015,2020-04-13,WestVlaanderen,53,3920,204,1667,0,0,2253
1016,2020-04-14,WestVlaanderen,140,4060,166,1833,0,0,2227
1017,2020-04-15,WestVlaanderen,113,4173,166,1999,0,0,2174
1018,2020-04-16,WestVlaanderen,183,4356,173,2172,0,0,2184
1019,2020-04-17,WestVlaanderen,151,4507,144,2316,0,0,2191
1020,2020-04-18,WestVlaanderen,56,4563,86,2402,0,0,2161
1021,2020-04-19,WestVlaanderen,33,4596,40,2442,0,0,2154
1022,2020-04-20,WestVlaanderen,132,4728,223,2665,0,0,2063
1023,2020-04-21,WestVlaanderen,150,4878,153,2818,0,0,2060
1024,2020-04-22,WestVlaanderen,79,4957,172,2990,0,0,1967
1025,2020-04-23,WestVlaanderen,101,5058,286,3276,0,0,1782
1026,2020-04-24,WestVlaanderen,55,5113,343,3619,0,0,1494
1027,2020-04-25,WestVlaanderen,18,5131,197,3816,0,0,1315
1028,2020-04-26,WestVlaanderen,18,5149,51,3867,0,0,1282
1029,2020-04-27,WestVlaanderen,71,5220,53,3920,0,0,1300
1030,2020-04-28,WestVlaanderen,55,5275,140,4060,0,0,1215
1031,2020-04-29,WestVlaanderen,55,5330,113,4173,0,0,1157
1032,2020-04-30,WestVlaanderen,55,5385,183,4356,0,0,1029
1033,2020-05-01,WestVlaanderen,25,5410,151,4507,0,0,903
1034,2020-05-02,WestVlaanderen,31,5441,56,4563,0,0,878
1035,2020-05-03,WestVlaanderen,15,5456,33,4596,0,0,860
1036,2020-05-04,WestVlaanderen,134,5590,132,4728,0,0,862
1037,2020-05-05,WestVlaanderen,71,5661,150,4878,0,0,783
1038,2020-05-06,WestVlaanderen,49,5710,79,4957,0,0,753
1039,2020-05-07,WestVlaanderen,69,5779,101,5058,0,0,721
1040,2020-05-08,WestVlaanderen,63,5842,55,5113,0,0,729
1041,2020-05-09,WestVlaanderen,27,5869,18,5131,0,0,738
1042,2020-05-10,WestVlaanderen,10,5879,18,5149,0,0,730
1043,2020-05-11,WestVlaanderen,97,5976,71,5220,0,0,756
1044,2020-05-12,WestVlaanderen,66,6042,55,5275,0,0,767
1045,2020-05-13,WestVlaanderen,56,6098,55,5330,0,0,768
1046,2020-05-14,WestVlaanderen,53,6151,55,5385,0,0,766
1047,2020-05-15,WestVlaanderen,65,6216,25,5410,0,0,806
1048,2020-05-16,WestVlaanderen,28,6244,31,5441,0,0,803
1049,2020-05-17,WestVlaanderen,18,6262,15,5456,0,0,806
1050,2020-05-18,WestVlaanderen,32,6294,134,5590,0,0,704
1051,2020-05-19,WestVlaanderen,44,6338,71,5661,0,0,677
1052,2020-05-20,WestVlaanderen,43,6381,49,5710,0,0,671
1053,2020-05-21,WestVlaanderen,13,6394,69,5779,0,0,615
1054,2020-05-22,WestVlaanderen,44,6438,63,5842,0,0,596
1055,2020-05-23,WestVlaanderen,18,6456,27,5869,0,0,587
1056,2020-05-24,WestVlaanderen,2,6458,10,5879,0,0,579
1057,2020-05-25,WestVlaanderen,36,6494,97,5976,0,0,518
1058,2020-05-26,WestVlaanderen,29,6523,66,6042,0,0,481
1059,2020-05-27,WestVlaanderen,20,6543,56,6098,0,0,445
1060,2020-05-28,WestVlaanderen,27,6570,53,6151,0,0,419
1061,2020-05-29,WestVlaanderen,25,6595,65,6216,0,0,379
1062,2020-05-30,WestVlaanderen,2,6597,28,6244,0,0,353
1063,2020-05-31,WestVlaanderen,4,6601,18,6262,0,0,339
1064,2020-06-01,WestVlaanderen,5,6606,32,6294,0,0,312
1065,2020-06-02,WestVlaanderen,14,6620,44,6338,0,0,282
1066,2020-06-03,WestVlaanderen,16,6636,43,6381,0,0,255
1067,2020-06-04,WestVlaanderen,24,6660,13,6394,0,0,266
1068,2020-06-05,WestVlaanderen,8,6668,44,6438,0,0,230
1069,2020-06-06,WestVlaanderen,6,6674,18,6456,0,0,218
1070,2020-06-07,WestVlaanderen,2,6676,2,6458,0,0,218
1071,2020-06-08,WestVlaanderen,17,6693,36,6494,0,0,199
1072,2020-06-09,WestVlaanderen,16,6709,29,6523,0,0,186
1073,2020-06-10,WestVlaanderen,8,6717,20,6543,0,0,174
1074,2020-06-11,WestVlaanderen,8,6725,27,6570,0,0,155
1075,2020-06-12,WestVlaanderen,5,6730,25,6595,0,0,135
1076,2020-06-13,WestVlaanderen,5,6735,2,6597,0,0,138
1077,2020-06-14,WestVlaanderen,4,6739,4,6601,0,0,138
1078,2020-06-15,WestVlaanderen,23,6762,5,6606,0,0,156
1079,2020-06-16,WestVlaanderen,18,6780,14,6620,0,0,160
1080,2020-06-17,WestVlaanderen,29,6809,16,6636,0,0,173
1081,2020-06-18,WestVlaanderen,20,6829,24,6660,0,0,169
1082,2020-06-19,WestVlaanderen,25,6854,8,6668,0,0,186
1083,2020-06-20,WestVlaanderen,6,6860,6,6674,0,0,186
1084,2020-06-21,WestVlaanderen,4,6864,2,6676,0,0,188
1085,2020-06-22,WestVlaanderen,20,6884,17,6693,0,0,191
1086,2020-06-23,WestVlaanderen,16,6900,16,6709,0,0,191
1087,2020-06-24,WestVlaanderen,17,6917,8,6717,0,0,200
1088,2020-06-25,WestVlaanderen,3,6920,8,6725,0,0,195
1089,2020-06-26,WestVlaanderen,19,6939,5,6730,0,0,209
1090,2020-06-27,WestVlaanderen,7,6946,5,6735,0,0,211
1091,2020-06-28,WestVlaanderen,6,6952,4,6739,0,0,213
1092,2020-06-29,WestVlaanderen,23,6975,23,6762,0,0,213
1093,2020-06-30,WestVlaanderen,12,6987,18,6780,0,0,207
1094,2020-07-01,WestVlaanderen,20,7007,29,6809,0,0,198
1095,2020-07-02,WestVlaanderen,9,7016,20,6829,0,0,187
1096,2020-07-03,WestVlaanderen,14,7030,25,6854,0,0,176
1097,2020-07-04,WestVlaanderen,6,7036,6,6860,0,0,176
1098,2020-07-05,WestVlaanderen,13,7049,4,6864,0,0,185
1099,2020-07-06,WestVlaanderen,13,7062,20,6884,0,0,178
1100,2020-07-07,WestVlaanderen,12,7074,16,6900,0,0,174
1101,2020-07-08,WestVlaanderen,25,7099,17,6917,0,0,182
1102,2020-07-09,WestVlaanderen,20,7119,3,6920,0,0,199
1103,2020-07-10,WestVlaanderen,13,7132,19,6939,0,0,193
1104,2020-07-11,WestVlaanderen,11,7143,7,6946,0,0,197
1105,2020-07-12,WestVlaanderen,13,7156,6,6952,0,0,204
1106,2020-07-13,WestVlaanderen,36,7192,23,6975,0,0,217
1107,2020-07-14,WestVlaanderen,20,7212,12,6987,0,0,225
1108,2020-07-15,WestVlaanderen,35,7247,20,7007,0,0,240
1109,2020-07-16,WestVlaanderen,21,7268,9,7016,0,0,252
1110,2020-07-17,WestVlaanderen,40,7308,14,7030,0,0,278
1111,2020-07-18,WestVlaanderen,14,7322,6,7036,0,0,286
1112,2020-07-19,WestVlaanderen,3,7325,13,7049,0,0,276
1113,2020-07-20,WestVlaanderen,47,7372,13,7062,0,0,310
1114,2020-07-21,WestVlaanderen,25,7397,12,7074,0,0,323
1115,2020-07-22,WestVlaanderen,34,7431,25,7099,0,0,332
1116,2020-07-23,WestVlaanderen,26,7457,20,7119,0,0,338
1117,2020-07-24,WestVlaanderen,19,7476,13,7132,0,0,344
1118,2020-07-25,WestVlaanderen,24,7500,11,7143,0,0,357
1119,2020-07-26,WestVlaanderen,19,7519,13,7156,0,0,363
1120,2020-07-27,WestVlaanderen,33,7552,36,7192,0,0,360
1121,2020-07-28,WestVlaanderen,19,7571,20,7212,0,0,359
1122,2020-07-29,WestVlaanderen,24,7595,35,7247,0,0,348
1123,2020-07-30,WestVlaanderen,27,7622,21,7268,0,0,354
1124,2020-07-31,WestVlaanderen,32,7654,40,7308,0,0,346
1125,2020-08-01,WestVlaanderen,13,7667,14,7322,0,0,345
1126,2020-08-02,WestVlaanderen,5,7672,3,7325,0,0,347
1127,2020-08-03,WestVlaanderen,41,7713,47,7372,0,0,341
1128,2020-08-04,WestVlaanderen,33,7746,25,7397,0,0,349
1129,2020-08-05,WestVlaanderen,56,7802,34,7431,0,0,371
1130,2020-08-06,WestVlaanderen,52,7854,26,7457,0,0,397
1131,2020-08-07,WestVlaanderen,52,7906,19,7476,0,0,430
1132,2020-08-08,WestVlaanderen,8,7914,24,7500,0,0,414
1133,2020-08-09,WestVlaanderen,9,7923,19,7519,0,0,404
1134,2020-08-10,WestVlaanderen,32,7955,33,7552,0,0,403
1135,2020-08-11,WestVlaanderen,23,7978,19,7571,0,0,407
1136,2020-08-12,WestVlaanderen,32,8010,24,7595,0,0,415
1137,2020-08-13,WestVlaanderen,36,8046,27,7622,0,0,424
1138,2020-08-14,WestVlaanderen,24,8070,32,7654,0,0,416
1139,2020-08-15,WestVlaanderen,2,8072,13,7667,0,0,405
1140,2020-08-16,WestVlaanderen,13,8085,5,7672,0,0,413
1141,2020-08-17,WestVlaanderen,33,8118,41,7713,0,0,405
1142,2020-08-18,WestVlaanderen,18,8136,33,7746,0,0,390
1143,2020-08-19,WestVlaanderen,15,8151,56,7802,0,0,349
1144,2020-08-20,WestVlaanderen,26,8177,52,7854,0,0,323
1145,2020-08-21,WestVlaanderen,20,8197,52,7906,0,0,291
1146,2020-08-22,WestVlaanderen,13,8210,8,7914,0,0,296
1147,2020-08-23,WestVlaanderen,1,8211,9,7923,0,0,288
1148,2020-08-24,WestVlaanderen,19,8230,32,7955,0,0,275
1149,2020-08-25,WestVlaanderen,26,8256,23,7978,0,0,278
1150,2020-08-26,WestVlaanderen,21,8277,32,8010,0,0,267
1151,2020-08-27,WestVlaanderen,19,8296,36,8046,0,0,250
1152,2020-08-28,WestVlaanderen,36,8332,24,8070,0,0,262
1153,2020-08-29,WestVlaanderen,9,8341,2,8072,0,0,269
1154,2020-08-30,WestVlaanderen,1,8342,13,8085,0,0,257
1155,2020-08-31,WestVlaanderen,32,8374,33,8118,0,0,256
1156,2020-09-01,WestVlaanderen,22,8396,18,8136,0,0,260
1157,2020-09-02,WestVlaanderen,27,8423,15,8151,0,0,272
1158,2020-09-03,WestVlaanderen,26,8449,26,8177,0,0,272
1159,2020-09-04,WestVlaanderen,38,8487,20,8197,0,0,290
1160,2020-09-05,WestVlaanderen,27,8514,13,8210,0,0,304
1161,2020-09-06,WestVlaanderen,5,8519,1,8211,0,0,308
1162,2020-09-07,WestVlaanderen,84,8603,19,8230,0,0,373
1163,2020-09-08,WestVlaanderen,51,8654,26,8256,0,0,398
1164,2020-09-09,WestVlaanderen,51,8705,21,8277,0,0,428
1165,2020-09-10,WestVlaanderen,72,8777,19,8296,0,0,481
1166,2020-09-11,WestVlaanderen,72,8849,36,8332,0,0,517
1167,2020-09-12,WestVlaanderen,46,8895,9,8341,0,0,554
1168,2020-09-13,WestVlaanderen,28,8923,1,8342,0,0,581
1169,2020-09-14,WestVlaanderen,103,9026,32,8374,0,0,652
1170,2020-09-15,WestVlaanderen,66,9092,22,8396,0,0,696
1171,2020-09-16,WestVlaanderen,77,9169,27,8423,0,0,746
1172,2020-09-17,WestVlaanderen,68,9237,26,8449,0,0,788
1173,2020-09-18,WestVlaanderen,100,9337,38,8487,0,0,850
1174,2020-09-19,WestVlaanderen,42,9379,27,8514,0,0,865
1175,2020-09-20,WestVlaanderen,26,9405,5,8519,0,0,886
1176,2020-09-21,WestVlaanderen,109,9514,84,8603,0,0,911
1177,2020-09-22,WestVlaanderen,78,9592,51,8654,0,0,938
1178,2020-09-23,WestVlaanderen,89,9681,51,8705,0,0,976
1179,2020-09-24,WestVlaanderen,110,9791,72,8777,0,0,1014
1180,2020-09-25,WestVlaanderen,87,9878,72,8849,0,0,1029
1181,2020-09-26,WestVlaanderen,45,9923,46,8895,0,0,1028
1182,2020-09-27,WestVlaanderen,17,9940,28,8923,0,0,1017
1183,2020-09-28,WestVlaanderen,149,10089,103,9026,0,0,1063
1184,2020-09-29,WestVlaanderen,110,10199,66,9092,0,0,1107
1185,2020-09-30,WestVlaanderen,191,10390,77,9169,0,0,1221
1186,2020-10-01,WestVlaanderen,145,10535,68,9237,0,0,1298
1187,2020-10-02,WestVlaanderen,157,10692,100,9337,0,0,1355
1188,2020-10-03,WestVlaanderen,71,10763,42,9379,0,0,1384
1189,2020-10-04,WestVlaanderen,51,10814,26,9405,0,0,1409
1190,2020-10-05,WestVlaanderen,295,11109,109,9514,0,0,1595
1191,2020-10-06,WestVlaanderen,241,11350,78,9592,0,0,1758
1192,2020-10-07,WestVlaanderen,313,11663,89,9681,0,0,1982
1193,2020-10-08,WestVlaanderen,279,11942,110,9791,0,0,2151
1194,2020-10-09,WestVlaanderen,386,12328,87,9878,0,0,2450
1195,2020-10-10,WestVlaanderen,215,12543,45,9923,0,0,2620
1196,2020-10-11,WestVlaanderen,133,12676,17,9940,0,0,2736
1197,2020-10-12,WestVlaanderen,667,13343,149,10089,0,0,3254
1198,2020-10-13,WestVlaanderen,608,13951,110,10199,0,0,3752
1199,2020-10-14,WestVlaanderen,667,14618,191,10390,0,0,4228
1200,2020-10-15,WestVlaanderen,761,15379,145,10535,0,0,4844
1201,2020-10-16,WestVlaanderen,805,16184,157,10692,0,0,5492
1202,2020-10-17,WestVlaanderen,387,16571,71,10763,0,0,5808
1203,2020-10-18,WestVlaanderen,265,16836,51,10814,0,0,6022
1204,2020-10-19,WestVlaanderen,1258,18094,295,11109,0,0,6985
1205,2020-10-20,WestVlaanderen,1021,19115,241,11350,0,0,7765
1206,2020-10-21,WestVlaanderen,1263,20378,313,11663,0,0,8715
1207,2020-10-22,WestVlaanderen,1254,21632,279,11942,0,0,9690
1208,2020-10-23,WestVlaanderen,1409,23041,386,12328,0,0,10713
1209,2020-10-24,WestVlaanderen,734,23775,215,12543,0,0,11232
1210,2020-10-25,WestVlaanderen,416,24191,133,12676,0,0,11515
1211,2020-10-26,WestVlaanderen,1995,26186,667,13343,0,0,12843
1212,2020-10-27,WestVlaanderen,1523,27709,608,13951,0,0,13758
1213,2020-10-28,WestVlaanderen,1317,29026,667,14618,0,0,14408
1214,2020-10-29,WestVlaanderen,1214,30240,761,15379,0,0,14861
1215,2020-10-30,WestVlaanderen,1127,31367,805,16184,0,0,15183
1216,2020-10-31,WestVlaanderen,618,31985,387,16571,0,0,15414
1217,2020-11-01,WestVlaanderen,274,32259,265,16836,0,0,15423
1218,2020-11-02,WestVlaanderen,1419,33678,1258,18094,0,0,15584
1219,2020-11-03,WestVlaanderen,967,34645,1021,19115,0,0,15530
1220,2020-11-04,WestVlaanderen,745,35390,1263,20378,0,0,15012
1221,2020-11-05,WestVlaanderen,722,36112,1254,21632,0,0,14480
1222,2020-11-06,WestVlaanderen,546,36658,1409,23041,0,0,13617
1223,2020-11-07,WestVlaanderen,260,36918,734,23775,0,0,13143
1224,2020-11-08,WestVlaanderen,188,37106,416,24191,0,0,12915
1225,2020-11-09,WestVlaanderen,884,37990,1995,26186,0,0,11804
1226,2020-11-10,WestVlaanderen,663,38653,1523,27709,0,0,10944
1227,2020-11-11,WestVlaanderen,183,38836,1317,29026,0,0,9810
1228,2020-11-12,WestVlaanderen,638,39474,1214,30240,0,0,9234
1229,2020-11-13,WestVlaanderen,497,39971,1127,31367,0,0,8604
1230,2020-11-14,WestVlaanderen,242,40213,618,31985,0,0,8228
1231,2020-11-15,WestVlaanderen,133,40346,274,32259,0,0,8087
1232,2020-11-16,WestVlaanderen,607,40953,1419,33678,0,0,7275
1233,2020-11-17,WestVlaanderen,410,41363,967,34645,0,0,6718
1234,2020-11-18,WestVlaanderen,351,41714,745,35390,0,0,6324
1235,2020-11-19,WestVlaanderen,321,42035,722,36112,0,0,5923
1236,2020-11-20,WestVlaanderen,315,42350,546,36658,0,0,5692
1237,2020-11-21,WestVlaanderen,149,42499,260,36918,0,0,5581
1238,2020-11-22,WestVlaanderen,59,42558,188,37106,0,0,5452
1239,2020-11-23,WestVlaanderen,445,43003,884,37990,0,0,5013
1240,2020-11-24,WestVlaanderen,291,43294,663,38653,0,0,4641
1241,2020-11-25,WestVlaanderen,318,43612,183,38836,0,0,4776
1242,2020-11-26,WestVlaanderen,250,43862,638,39474,0,0,4388
1243,2020-11-27,WestVlaanderen,315,44177,497,39971,0,0,4206
1244,2020-11-28,WestVlaanderen,152,44329,242,40213,0,0,4116
1245,2020-11-29,WestVlaanderen,104,44433,133,40346,0,0,4087
1246,2020-11-30,WestVlaanderen,392,44825,607,40953,0,0,3872
1247,2020-12-01,WestVlaanderen,367,45192,410,41363,0,0,3829
1248,2020-12-02,WestVlaanderen,315,45507,351,41714,0,0,3793
1249,2020-12-03,WestVlaanderen,319,45826,321,42035,0,0,3791
1250,2020-12-04,WestVlaanderen,364,46190,315,42350,0,0,3840
1251,2020-12-05,WestVlaanderen,158,46348,149,42499,0,0,3849
1252,2020-12-06,WestVlaanderen,97,46445,59,42558,0,0,3887
1253,2020-12-07,WestVlaanderen,530,46975,445,43003,0,0,3972
1254,2020-12-08,WestVlaanderen,305,47280,291,43294,0,0,3986
1255,2020-12-09,WestVlaanderen,356,47636,318,43612,0,0,4024
1256,2020-12-10,WestVlaanderen,387,48023,250,43862,0,0,4161
1257,2020-12-11,WestVlaanderen,407,48430,315,44177,0,0,4253
1258,2020-12-12,WestVlaanderen,283,48713,152,44329,0,0,4384
1259,2020-12-13,WestVlaanderen,112,48825,104,44433,0,0,4392
1260,2020-12-14,WestVlaanderen,591,49416,392,44825,0,0,4591
1261,2020-12-15,WestVlaanderen,480,49896,367,45192,0,0,4704
1262,2020-12-16,WestVlaanderen,399,50295,315,45507,0,0,4788
1263,2020-12-17,WestVlaanderen,392,50687,319,45826,0,0,4861
1264,2020-12-18,WestVlaanderen,375,51062,364,46190,0,0,4872
1265,2020-12-19,WestVlaanderen,218,51280,158,46348,0,0,4932
1266,2020-12-20,WestVlaanderen,124,51404,97,46445,0,0,4959
1267,2020-12-21,WestVlaanderen,476,51880,530,46975,0,0,4905
1268,2020-12-22,WestVlaanderen,356,52236,305,47280,0,0,4956
1269,2020-12-23,WestVlaanderen,319,52555,356,47636,0,0,4919
1270,2020-12-24,WestVlaanderen,208,52763,387,48023,0,0,4740
1271,2020-12-25,WestVlaanderen,80,52843,407,48430,0,0,4413
1272,2020-12-26,WestVlaanderen,215,53058,283,48713,0,0,4345
1273,2020-12-27,WestVlaanderen,77,53135,112,48825,0,0,4310
1274,2020-12-28,WestVlaanderen,376,53511,591,49416,0,0,4095
1275,2020-12-29,WestVlaanderen,309,53820,480,49896,0,0,3924
1276,2020-12-30,WestVlaanderen,272,54092,399,50295,0,0,3797
1277,2020-12-31,WestVlaanderen,224,54316,392,50687,0,0,3629
1278,2021-01-01,WestVlaanderen,67,54383,375,51062,0,0,3321
1279,2021-01-02,WestVlaanderen,152,54535,218,51280,0,0,3255
1280,2021-01-03,WestVlaanderen,111,54646,124,51404,0,0,3242
1281,2021-01-04,WestVlaanderen,440,55086,476,51880,0,0,3206
1282,2021-01-05,WestVlaanderen,308,55394,356,52236,0,0,3158
1283,2021-01-06,WestVlaanderen,313,55707,319,52555,0,0,3152
1284,2021-01-07,WestVlaanderen,243,55950,208,52763,0,0,3187
1285,2021-01-08,WestVlaanderen,231,56181,80,52843,0,0,3338
1286,2021-01-09,WestVlaanderen,178,56359,215,53058,0,0,3301
1287,2021-01-10,WestVlaanderen,113,56472,77,53135,0,0,3337
1288,2021-01-11,WestVlaanderen,361,56833,376,53511,0,0,3322
1289,2021-01-12,WestVlaanderen,364,57197,309,53820,0,0,3377
1290,2021-01-13,WestVlaanderen,296,57493,272,54092,0,0,3401
1291,2021-01-14,WestVlaanderen,270,57763,224,54316,0,0,3447
1292,2021-01-15,WestVlaanderen,266,58029,67,54383,0,0,3646
1293,2021-01-16,WestVlaanderen,165,58194,152,54535,0,0,3659
1294,2021-01-17,WestVlaanderen,70,58264,111,54646,0,0,3618
1295,2021-01-18,WestVlaanderen,471,58735,440,55086,0,0,3649
1296,2021-01-19,WestVlaanderen,321,59056,308,55394,0,0,3662
1297,2021-01-20,WestVlaanderen,353,59409,313,55707,0,0,3702
1298,2021-01-21,WestVlaanderen,326,59735,243,55950,0,0,3785
1299,2021-01-22,WestVlaanderen,312,60047,231,56181,0,0,3866
1300,2021-01-23,WestVlaanderen,178,60225,178,56359,0,0,3866
1301,2021-01-24,WestVlaanderen,115,60340,113,56472,0,0,3868
1302,2021-01-25,WestVlaanderen,474,60814,361,56833,0,0,3981
1303,2021-01-26,WestVlaanderen,333,61147,364,57197,0,0,3950
1304,2021-01-27,WestVlaanderen,361,61508,296,57493,0,0,4015
1305,2021-01-28,WestVlaanderen,327,61835,270,57763,0,0,4072
1306,2021-01-29,WestVlaanderen,332,62167,266,58029,0,0,4138
1307,2021-01-30,WestVlaanderen,189,62356,165,58194,0,0,4162
1308,2021-01-31,WestVlaanderen,117,62473,70,58264,0,0,4209
1309,2021-02-01,WestVlaanderen,414,62887,471,58735,0,0,4152
1310,2021-02-02,WestVlaanderen,301,63188,321,59056,0,0,4132
1311,2021-02-03,WestVlaanderen,314,63502,353,59409,0,0,4093
1312,2021-02-04,WestVlaanderen,292,63794,326,59735,0,0,4059
1313,2021-02-05,WestVlaanderen,275,64069,312,60047,0,0,4022
1314,2021-02-06,WestVlaanderen,168,64237,178,60225,0,0,4012
1315,2021-02-07,WestVlaanderen,76,64313,115,60340,0,0,3973
1316,2021-02-08,WestVlaanderen,335,64648,474,60814,0,0,3834
1317,2021-02-09,WestVlaanderen,235,64883,333,61147,0,0,3736
1318,2021-02-10,WestVlaanderen,226,65109,361,61508,0,0,3601
1319,2021-02-11,WestVlaanderen,274,65383,327,61835,0,0,3548
1320,2021-02-12,WestVlaanderen,257,65640,332,62167,0,0,3473
1321,2021-02-13,WestVlaanderen,130,65770,189,62356,0,0,3414
1322,2021-02-14,WestVlaanderen,73,65843,117,62473,0,0,3370
1323,2021-02-15,WestVlaanderen,297,66140,414,62887,0,0,3253
1324,2021-02-16,WestVlaanderen,302,66442,301,63188,0,0,3254
1325,2021-02-17,WestVlaanderen,308,66750,314,63502,0,0,3248
1326,2021-02-18,WestVlaanderen,294,67044,292,63794,0,0,3250
1327,2021-02-19,WestVlaanderen,261,67305,275,64069,0,0,3236
1328,2021-02-20,WestVlaanderen,167,67472,168,64237,0,0,3235
1329,2021-02-21,WestVlaanderen,89,67561,76,64313,0,0,3248
1330,2021-02-22,WestVlaanderen,356,67917,335,64648,0,0,3269
1331,2021-02-23,WestVlaanderen,313,68230,235,64883,0,0,3347
1332,2021-02-24,WestVlaanderen,270,68500,226,65109,0,0,3391
1333,2021-02-25,WestVlaanderen,268,68768,274,65383,0,0,3385
1334,2021-02-26,WestVlaanderen,241,69009,257,65640,0,0,3369
1335,2021-02-27,WestVlaanderen,136,69145,130,65770,0,0,3375
1336,2021-02-28,WestVlaanderen,86,69231,73,65843,0,0,3388
1337,2021-03-01,WestVlaanderen,313,69544,297,66140,0,0,3404
1338,2021-03-02,WestVlaanderen,308,69852,302,66442,0,0,3410
1339,2021-03-03,WestVlaanderen,287,70139,308,66750,0,0,3389
1340,2021-03-04,WestVlaanderen,289,70428,294,67044,0,0,3384
1341,2021-03-05,WestVlaanderen,267,70695,261,67305,0,0,3390
1342,2021-03-06,WestVlaanderen,172,70867,167,67472,0,0,3395
1343,2021-03-07,WestVlaanderen,75,70942,89,67561,0,0,3381
1344,2021-03-08,WestVlaanderen,393,71335,356,67917,0,0,3418
1345,2021-03-09,WestVlaanderen,332,71667,313,68230,0,0,3437
1346,2021-03-10,WestVlaanderen,320,71987,270,68500,0,0,3487
1347,2021-03-11,WestVlaanderen,317,72304,268,68768,0,0,3536
1348,2021-03-12,WestVlaanderen,362,72666,241,69009,0,0,3657
1349,2021-03-13,WestVlaanderen,215,72881,136,69145,0,0,3736
1350,2021-03-14,WestVlaanderen,124,73005,86,69231,0,0,3774
1351,2021-03-15,WestVlaanderen,494,73499,313,69544,0,0,3955
1352,2021-03-16,WestVlaanderen,439,73938,308,69852,0,0,4086
1353,2021-03-17,WestVlaanderen,514,74452,287,70139,0,0,4313
1354,2021-03-18,WestVlaanderen,518,74970,289,70428,0,0,4542
1355,2021-03-19,WestVlaanderen,494,75464,267,70695,0,0,4769
1356,2021-03-20,WestVlaanderen,285,75749,172,70867,0,0,4882
1357,2021-03-21,WestVlaanderen,135,75884,75,70942,0,0,4942
1358,2021-03-22,WestVlaanderen,669,76553,393,71335,0,0,5218
1359,2021-03-23,WestVlaanderen,609,77162,332,71667,0,0,5495
1360,2021-03-24,WestVlaanderen,591,77753,320,71987,0,0,5766
1361,2021-03-25,WestVlaanderen,476,78229,317,72304,0,0,5925
1362,2021-03-26,WestVlaanderen,496,78725,362,72666,0,0,6059
1363,2021-03-27,WestVlaanderen,289,79014,215,72881,0,0,6133
1364,2021-03-28,WestVlaanderen,119,79133,124,73005,0,0,6128
1365,2021-03-29,WestVlaanderen,582,79715,494,73499,0,0,6216
1366,2021-03-30,WestVlaanderen,434,80149,439,73938,0,0,6211
1367,2021-03-31,WestVlaanderen,433,80582,514,74452,0,0,6130
1368,2021-04-01,WestVlaanderen,345,80927,518,74970,0,0,5957
1369,2021-04-02,WestVlaanderen,355,81282,494,75464,0,0,5818
1370,2021-04-03,WestVlaanderen,202,81484,285,75749,0,0,5735
1371,2021-04-04,WestVlaanderen,134,81618,135,75884,0,0,5734
1372,2021-04-05,WestVlaanderen,154,81772,669,76553,0,0,5219
1373,2021-04-06,WestVlaanderen,494,82266,609,77162,0,0,5104
1374,2021-04-07,WestVlaanderen,515,82781,591,77753,0,0,5028
1375,2021-04-08,WestVlaanderen,379,83160,476,78229,0,0,4931
1376,2021-04-09,WestVlaanderen,325,83485,496,78725,0,0,4760
1377,2021-04-10,WestVlaanderen,195,83680,289,79014,0,0,4666
1378,2021-04-11,WestVlaanderen,108,83788,119,79133,0,0,4655
1379,2021-04-12,WestVlaanderen,425,84213,582,79715,0,0,4498
1380,2021-04-13,WestVlaanderen,410,84623,434,80149,0,0,4474
1381,2021-04-14,WestVlaanderen,378,85001,433,80582,0,0,4419
1382,2021-04-15,WestVlaanderen,327,85328,345,80927,0,0,4401
1383,2021-04-16,WestVlaanderen,303,85631,355,81282,0,0,4349
1384,2021-04-17,WestVlaanderen,137,85768,202,81484,0,0,4284
1385,2021-04-18,WestVlaanderen,67,85835,134,81618,0,0,4217
1386,2021-04-19,WestVlaanderen,441,86276,154,81772,0,0,4504
1387,2021-04-20,WestVlaanderen,421,86697,494,82266,0,0,4431
1388,2021-04-21,WestVlaanderen,351,87048,515,82781,0,0,4267
1389,2021-04-22,WestVlaanderen,305,87353,379,83160,0,0,4193
1390,2021-04-23,WestVlaanderen,325,87678,325,83485,0,0,4193
1391,2021-04-24,WestVlaanderen,214,87892,195,83680,0,0,4212
1392,2021-04-25,WestVlaanderen,92,87984,108,83788,0,0,4196
1393,2021-04-26,WestVlaanderen,428,88412,425,84213,0,0,4199
1394,2021-04-27,WestVlaanderen,363,88775,410,84623,0,0,4152
1395,2021-04-28,WestVlaanderen,287,89062,378,85001,0,0,4061
1396,2021-04-29,WestVlaanderen,290,89352,327,85328,0,0,4024
1397,2021-04-30,WestVlaanderen,331,89683,303,85631,0,0,4052
1398,2021-05-01,WestVlaanderen,120,89803,137,85768,0,0,4035
1399,2021-05-02,WestVlaanderen,127,89930,67,85835,0,0,4095
1400,2021-05-03,WestVlaanderen,427,90357,441,86276,0,0,4081
1401,2021-05-04,WestVlaanderen,323,90680,421,86697,0,0,3983
1402,2021-05-05,WestVlaanderen,353,91033,351,87048,0,0,3985
1403,2021-05-06,WestVlaanderen,325,91358,305,87353,0,0,4005
1404,2021-05-07,WestVlaanderen,298,91656,325,87678,0,0,3978
1405,2021-05-08,WestVlaanderen,178,91834,214,87892,0,0,3942
1406,2021-05-09,WestVlaanderen,75,91909,92,87984,0,0,3925
1407,2021-05-10,WestVlaanderen,390,92299,428,88412,0,0,3887
1408,2021-05-11,WestVlaanderen,253,92552,363,88775,0,0,3777
1409,2021-05-12,WestVlaanderen,221,92773,287,89062,0,0,3711
1410,2021-05-13,WestVlaanderen,87,92860,290,89352,0,0,3508
1411,2021-05-14,WestVlaanderen,217,93077,331,89683,0,0,3394
1412,2021-05-15,WestVlaanderen,125,93202,120,89803,0,0,3399
1413,2021-05-16,WestVlaanderen,60,93262,127,89930,0,0,3332
1414,2021-05-17,WestVlaanderen,363,93625,427,90357,0,0,3268
1415,2021-05-18,WestVlaanderen,297,93922,323,90680,0,0,3242
1416,2021-05-19,WestVlaanderen,296,94218,353,91033,0,0,3185
1417,2021-05-20,WestVlaanderen,256,94474,325,91358,0,0,3116
1418,2021-05-21,WestVlaanderen,216,94690,298,91656,0,0,3034
1419,2021-05-22,WestVlaanderen,122,94812,178,91834,0,0,2978
1420,2021-05-23,WestVlaanderen,70,94882,75,91909,0,0,2973
1421,2021-05-24,WestVlaanderen,98,94980,390,92299,0,0,2681
1422,2021-05-25,WestVlaanderen,272,95252,253,92552,0,0,2700
1423,2021-05-26,WestVlaanderen,191,95443,221,92773,0,0,2670
1424,2021-05-27,WestVlaanderen,175,95618,87,92860,0,0,2758
1425,2021-05-28,WestVlaanderen,177,95795,217,93077,0,0,2718
1426,2021-05-29,WestVlaanderen,108,95903,125,93202,0,0,2701
1427,2021-05-30,WestVlaanderen,55,95958,60,93262,0,0,2696
1428,2021-05-31,WestVlaanderen,182,96140,363,93625,0,0,2515
1429,2021-06-01,WestVlaanderen,175,96315,297,93922,0,0,2393
1430,2021-06-02,WestVlaanderen,123,96438,296,94218,0,0,2220
1431,2021-06-03,WestVlaanderen,126,96564,256,94474,0,0,2090
1432,2021-06-04,WestVlaanderen,110,96674,216,94690,0,0,1984
1433,2021-06-05,WestVlaanderen,59,96733,122,94812,0,0,1921
1434,2021-06-06,WestVlaanderen,38,96771,70,94882,0,0,1889
1435,2021-06-07,WestVlaanderen,99,96870,98,94980,0,0,1890
1436,2021-06-08,WestVlaanderen,62,96932,272,95252,0,0,1680
1437,2021-06-09,WestVlaanderen,56,96988,191,95443,0,0,1545
1438,2021-06-10,WestVlaanderen,50,97038,175,95618,0,0,1420
1439,2021-06-11,WestVlaanderen,52,97090,177,95795,0,0,1295
1440,2021-06-12,WestVlaanderen,34,97124,108,95903,0,0,1221
1441,2021-06-13,WestVlaanderen,12,97136,55,95958,0,0,1178
1442,2021-06-14,WestVlaanderen,56,97192,182,96140,0,0,1052
1443,2021-06-15,WestVlaanderen,35,97227,175,96315,0,0,912
1444,2021-06-16,WestVlaanderen,32,97259,123,96438,0,0,821
1445,2021-06-17,WestVlaanderen,20,97279,126,96564,0,0,715
1446,2021-06-18,WestVlaanderen,25,97304,110,96674,0,0,630
1447,2021-06-19,WestVlaanderen,18,97322,59,96733,0,0,589
1448,2021-06-20,WestVlaanderen,3,97325,38,96771,0,0,554
1449,2021-06-21,WestVlaanderen,47,97372,99,96870,0,0,502
1450,2021-06-22,WestVlaanderen,33,97405,62,96932,0,0,473
1451,2021-06-23,WestVlaanderen,26,97431,56,96988,0,0,443
1452,2021-06-24,WestVlaanderen,15,97446,50,97038,0,0,408
1453,2021-06-25,WestVlaanderen,34,97480,52,97090,0,0,390
1454,2021-06-26,WestVlaanderen,15,97495,34,97124,0,0,371
1455,2021-06-27,WestVlaanderen,7,97502,0,97124,0,0,378
1456,2021-06-28,WestVlaanderen,0,97502,0,97124,0,0,378
1457,2021-06-29,WestVlaanderen,0,97502,0,97124,0,0,378
1458,2020-03-01,OostVlaanderen,1,1,0,0,0,0,1
1459,2020-03-02,OostVlaanderen,1,2,0,0,0,0,2
1460,2020-03-03,OostVlaanderen,3,5,0,0,0,0,5
1461,2020-03-04,OostVlaanderen,3,8,0,0,0,0,8
1462,2020-03-05,OostVlaanderen,9,17,0,0,0,0,17
1463,2020-03-06,OostVlaanderen,16,33,0,0,0,0,33
1464,2020-03-07,OostVlaanderen,1,34,0,0,0,0,34
1465,2020-03-08,OostVlaanderen,5,39,0,0,0,0,39
1466,2020-03-09,OostVlaanderen,6,45,0,0,0,0,45
1467,2020-03-10,OostVlaanderen,16,61,0,0,0,0,61
1468,2020-03-11,OostVlaanderen,25,86,0,0,0,0,86
1469,2020-03-12,OostVlaanderen,31,117,0,0,0,0,117
1470,2020-03-13,OostVlaanderen,29,146,0,0,0,0,146
1471,2020-03-14,OostVlaanderen,13,159,0,0,0,0,159
1472,2020-03-15,OostVlaanderen,19,178,1,1,0,0,177
1473,2020-03-16,OostVlaanderen,36,214,1,2,0,0,212
1474,2020-03-17,OostVlaanderen,39,253,3,5,0,0,248
1475,2020-03-18,OostVlaanderen,53,306,3,8,0,0,298
1476,2020-03-19,OostVlaanderen,59,365,9,17,0,0,348
1477,2020-03-20,OostVlaanderen,74,439,16,33,0,0,406
1478,2020-03-21,OostVlaanderen,39,478,1,34,0,0,444
1479,2020-03-22,OostVlaanderen,44,522,5,39,0,0,483
1480,2020-03-23,OostVlaanderen,144,666,6,45,0,0,621
1481,2020-03-24,OostVlaanderen,155,821,16,61,0,0,760
1482,2020-03-25,OostVlaanderen,145,966,25,86,0,0,880
1483,2020-03-26,OostVlaanderen,163,1129,31,117,0,0,1012
1484,2020-03-27,OostVlaanderen,221,1350,29,146,0,0,1204
1485,2020-03-28,OostVlaanderen,109,1459,13,159,0,0,1300
1486,2020-03-29,OostVlaanderen,70,1529,19,178,0,0,1351
1487,2020-03-30,OostVlaanderen,218,1747,36,214,0,0,1533
1488,2020-03-31,OostVlaanderen,218,1965,39,253,0,0,1712
1489,2020-04-01,OostVlaanderen,174,2139,53,306,0,0,1833
1490,2020-04-02,OostVlaanderen,153,2292,59,365,0,0,1927
1491,2020-04-03,OostVlaanderen,194,2486,74,439,0,0,2047
1492,2020-04-04,OostVlaanderen,131,2617,39,478,0,0,2139
1493,2020-04-05,OostVlaanderen,110,2727,44,522,0,0,2205
1494,2020-04-06,OostVlaanderen,213,2940,144,666,0,0,2274
1495,2020-04-07,OostVlaanderen,146,3086,155,821,0,0,2265
1496,2020-04-08,OostVlaanderen,169,3255,145,966,0,0,2289
1497,2020-04-09,OostVlaanderen,363,3618,163,1129,0,0,2489
1498,2020-04-10,OostVlaanderen,401,4019,221,1350,0,0,2669
1499,2020-04-11,OostVlaanderen,94,4113,109,1459,0,0,2654
1500,2020-04-12,OostVlaanderen,42,4155,70,1529,0,0,2626
1501,2020-04-13,OostVlaanderen,64,4219,218,1747,0,0,2472
1502,2020-04-14,OostVlaanderen,138,4357,218,1965,0,0,2392
1503,2020-04-15,OostVlaanderen,157,4514,174,2139,0,0,2375
1504,2020-04-16,OostVlaanderen,240,4754,153,2292,0,0,2462
1505,2020-04-17,OostVlaanderen,171,4925,194,2486,0,0,2439
1506,2020-04-18,OostVlaanderen,41,4966,131,2617,0,0,2349
1507,2020-04-19,OostVlaanderen,25,4991,110,2727,0,0,2264
1508,2020-04-20,OostVlaanderen,117,5108,213,2940,0,0,2168
1509,2020-04-21,OostVlaanderen,81,5189,146,3086,0,0,2103
1510,2020-04-22,OostVlaanderen,77,5266,169,3255,0,0,2011
1511,2020-04-23,OostVlaanderen,80,5346,363,3618,0,0,1728
1512,2020-04-24,OostVlaanderen,84,5430,401,4019,0,0,1411
1513,2020-04-25,OostVlaanderen,40,5470,94,4113,0,0,1357
1514,2020-04-26,OostVlaanderen,13,5483,42,4155,0,0,1328
1515,2020-04-27,OostVlaanderen,95,5578,64,4219,0,0,1359
1516,2020-04-28,OostVlaanderen,85,5663,138,4357,0,0,1306
1517,2020-04-29,OostVlaanderen,51,5714,157,4514,0,0,1200
1518,2020-04-30,OostVlaanderen,48,5762,240,4754,0,0,1008
1519,2020-05-01,OostVlaanderen,20,5782,171,4925,0,0,857
1520,2020-05-02,OostVlaanderen,25,5807,41,4966,0,0,841
1521,2020-05-03,OostVlaanderen,9,5816,25,4991,0,0,825
1522,2020-05-04,OostVlaanderen,60,5876,117,5108,0,0,768
1523,2020-05-05,OostVlaanderen,61,5937,81,5189,0,0,748
1524,2020-05-06,OostVlaanderen,57,5994,77,5266,0,0,728
1525,2020-05-07,OostVlaanderen,35,6029,80,5346,0,0,683
1526,2020-05-08,OostVlaanderen,45,6074,84,5430,0,0,644
1527,2020-05-09,OostVlaanderen,22,6096,40,5470,0,0,626
1528,2020-05-10,OostVlaanderen,3,6099,13,5483,0,0,616
1529,2020-05-11,OostVlaanderen,53,6152,95,5578,0,0,574
1530,2020-05-12,OostVlaanderen,37,6189,85,5663,0,0,526
1531,2020-05-13,OostVlaanderen,19,6208,51,5714,0,0,494
1532,2020-05-14,OostVlaanderen,28,6236,48,5762,0,0,474
1533,2020-05-15,OostVlaanderen,30,6266,20,5782,0,0,484
1534,2020-05-16,OostVlaanderen,23,6289,25,5807,0,0,482
1535,2020-05-17,OostVlaanderen,6,6295,9,5816,0,0,479
1536,2020-05-18,OostVlaanderen,41,6336,60,5876,0,0,460
1537,2020-05-19,OostVlaanderen,42,6378,61,5937,0,0,441
1538,2020-05-20,OostVlaanderen,39,6417,57,5994,0,0,423
1539,2020-05-21,OostVlaanderen,7,6424,35,6029,0,0,395
1540,2020-05-22,OostVlaanderen,32,6456,45,6074,0,0,382
1541,2020-05-23,OostVlaanderen,27,6483,22,6096,0,0,387
1542,2020-05-24,OostVlaanderen,7,6490,3,6099,0,0,391
1543,2020-05-25,OostVlaanderen,55,6545,53,6152,0,0,393
1544,2020-05-26,OostVlaanderen,32,6577,37,6189,0,0,388
1545,2020-05-27,OostVlaanderen,14,6591,19,6208,0,0,383
1546,2020-05-28,OostVlaanderen,21,6612,28,6236,0,0,376
1547,2020-05-29,OostVlaanderen,8,6620,30,6266,0,0,354
1548,2020-05-30,OostVlaanderen,10,6630,23,6289,0,0,341
1549,2020-05-31,OostVlaanderen,3,6633,6,6295,0,0,338
1550,2020-06-01,OostVlaanderen,12,6645,41,6336,0,0,309
1551,2020-06-02,OostVlaanderen,21,6666,42,6378,0,0,288
1552,2020-06-03,OostVlaanderen,13,6679,39,6417,0,0,262
1553,2020-06-04,OostVlaanderen,18,6697,7,6424,0,0,273
1554,2020-06-05,OostVlaanderen,12,6709,32,6456,0,0,253
1555,2020-06-06,OostVlaanderen,7,6716,27,6483,0,0,233
1556,2020-06-07,OostVlaanderen,6,6722,7,6490,0,0,232
1557,2020-06-08,OostVlaanderen,12,6734,55,6545,0,0,189
1558,2020-06-09,OostVlaanderen,12,6746,32,6577,0,0,169
1559,2020-06-10,OostVlaanderen,9,6755,14,6591,0,0,164
1560,2020-06-11,OostVlaanderen,11,6766,21,6612,0,0,154
1561,2020-06-12,OostVlaanderen,6,6772,8,6620,0,0,152
1562,2020-06-13,OostVlaanderen,3,6775,10,6630,0,0,145
1563,2020-06-14,OostVlaanderen,1,6776,3,6633,0,0,143
1564,2020-06-15,OostVlaanderen,12,6788,12,6645,0,0,143
1565,2020-06-16,OostVlaanderen,6,6794,21,6666,0,0,128
1566,2020-06-17,OostVlaanderen,9,6803,13,6679,0,0,124
1567,2020-06-18,OostVlaanderen,6,6809,18,6697,0,0,112
1568,2020-06-19,OostVlaanderen,11,6820,12,6709,0,0,111
1569,2020-06-20,OostVlaanderen,2,6822,7,6716,0,0,106
1570,2020-06-21,OostVlaanderen,1,6823,6,6722,0,0,101
1571,2020-06-22,OostVlaanderen,5,6828,12,6734,0,0,94
1572,2020-06-23,OostVlaanderen,8,6836,12,6746,0,0,90
1573,2020-06-24,OostVlaanderen,6,6842,9,6755,0,0,87
1574,2020-06-25,OostVlaanderen,8,6850,11,6766,0,0,84
1575,2020-06-26,OostVlaanderen,9,6859,6,6772,0,0,87
1576,2020-06-27,OostVlaanderen,6,6865,3,6775,0,0,90
1577,2020-06-28,OostVlaanderen,2,6867,1,6776,0,0,91
1578,2020-06-29,OostVlaanderen,6,6873,12,6788,0,0,85
1579,2020-06-30,OostVlaanderen,9,6882,6,6794,0,0,88
1580,2020-07-01,OostVlaanderen,12,6894,9,6803,0,0,91
1581,2020-07-02,OostVlaanderen,7,6901,6,6809,0,0,92
1582,2020-07-03,OostVlaanderen,12,6913,11,6820,0,0,93
1583,2020-07-04,OostVlaanderen,3,6916,2,6822,0,0,94
1584,2020-07-05,OostVlaanderen,2,6918,1,6823,0,0,95
1585,2020-07-06,OostVlaanderen,6,6924,5,6828,0,0,96
1586,2020-07-07,OostVlaanderen,11,6935,8,6836,0,0,99
1587,2020-07-08,OostVlaanderen,10,6945,6,6842,0,0,103
1588,2020-07-09,OostVlaanderen,10,6955,8,6850,0,0,105
1589,2020-07-10,OostVlaanderen,7,6962,9,6859,0,0,103
1590,2020-07-11,OostVlaanderen,2,6964,6,6865,0,0,99
1591,2020-07-12,OostVlaanderen,4,6968,2,6867,0,0,101
1592,2020-07-13,OostVlaanderen,10,6978,6,6873,0,0,105
1593,2020-07-14,OostVlaanderen,19,6997,9,6882,0,0,115
1594,2020-07-15,OostVlaanderen,16,7013,12,6894,0,0,119
1595,2020-07-16,OostVlaanderen,14,7027,7,6901,0,0,126
1596,2020-07-17,OostVlaanderen,5,7032,12,6913,0,0,119
1597,2020-07-18,OostVlaanderen,7,7039,3,6916,0,0,123
1598,2020-07-19,OostVlaanderen,7,7046,2,6918,0,0,128
1599,2020-07-20,OostVlaanderen,41,7087,6,6924,0,0,163
1600,2020-07-21,OostVlaanderen,11,7098,11,6935,0,0,163
1601,2020-07-22,OostVlaanderen,29,7127,10,6945,0,0,182
1602,2020-07-23,OostVlaanderen,33,7160,10,6955,0,0,205
1603,2020-07-24,OostVlaanderen,41,7201,7,6962,0,0,239
1604,2020-07-25,OostVlaanderen,19,7220,2,6964,0,0,256
1605,2020-07-26,OostVlaanderen,24,7244,4,6968,0,0,276
1606,2020-07-27,OostVlaanderen,47,7291,10,6978,0,0,313
1607,2020-07-28,OostVlaanderen,57,7348,19,6997,0,0,351
1608,2020-07-29,OostVlaanderen,59,7407,16,7013,0,0,394
1609,2020-07-30,OostVlaanderen,47,7454,14,7027,0,0,427
1610,2020-07-31,OostVlaanderen,55,7509,5,7032,0,0,477
1611,2020-08-01,OostVlaanderen,28,7537,7,7039,0,0,498
1612,2020-08-02,OostVlaanderen,19,7556,7,7046,0,0,510
1613,2020-08-03,OostVlaanderen,73,7629,41,7087,0,0,542
1614,2020-08-04,OostVlaanderen,46,7675,11,7098,0,0,577
1615,2020-08-05,OostVlaanderen,71,7746,29,7127,0,0,619
1616,2020-08-06,OostVlaanderen,91,7837,33,7160,0,0,677
1617,2020-08-07,OostVlaanderen,56,7893,41,7201,0,0,692
1618,2020-08-08,OostVlaanderen,32,7925,19,7220,0,0,705
1619,2020-08-09,OostVlaanderen,7,7932,24,7244,0,0,688
1620,2020-08-10,OostVlaanderen,60,7992,47,7291,0,0,701
1621,2020-08-11,OostVlaanderen,55,8047,57,7348,0,0,699
1622,2020-08-12,OostVlaanderen,51,8098,59,7407,0,0,691
1623,2020-08-13,OostVlaanderen,77,8175,47,7454,0,0,721
1624,2020-08-14,OostVlaanderen,60,8235,55,7509,0,0,726
1625,2020-08-15,OostVlaanderen,8,8243,28,7537,0,0,706
1626,2020-08-16,OostVlaanderen,11,8254,19,7556,0,0,698
1627,2020-08-17,OostVlaanderen,67,8321,73,7629,0,0,692
1628,2020-08-18,OostVlaanderen,58,8379,46,7675,0,0,704
1629,2020-08-19,OostVlaanderen,54,8433,71,7746,0,0,687
1630,2020-08-20,OostVlaanderen,44,8477,91,7837,0,0,640
1631,2020-08-21,OostVlaanderen,39,8516,56,7893,0,0,623
1632,2020-08-22,OostVlaanderen,16,8532,32,7925,0,0,607
1633,2020-08-23,OostVlaanderen,7,8539,7,7932,0,0,607
1634,2020-08-24,OostVlaanderen,50,8589,60,7992,0,0,597
1635,2020-08-25,OostVlaanderen,48,8637,55,8047,0,0,590
1636,2020-08-26,OostVlaanderen,32,8669,51,8098,0,0,571
1637,2020-08-27,OostVlaanderen,39,8708,77,8175,0,0,533
1638,2020-08-28,OostVlaanderen,52,8760,60,8235,0,0,525
1639,2020-08-29,OostVlaanderen,13,8773,8,8243,0,0,530
1640,2020-08-30,OostVlaanderen,14,8787,11,8254,0,0,533
1641,2020-08-31,OostVlaanderen,60,8847,67,8321,0,0,526
1642,2020-09-01,OostVlaanderen,37,8884,58,8379,0,0,505
1643,2020-09-02,OostVlaanderen,56,8940,54,8433,0,0,507
1644,2020-09-03,OostVlaanderen,52,8992,44,8477,0,0,515
1645,2020-09-04,OostVlaanderen,75,9067,39,8516,0,0,551
1646,2020-09-05,OostVlaanderen,27,9094,16,8532,0,0,562
1647,2020-09-06,OostVlaanderen,13,9107,7,8539,0,0,568
1648,2020-09-07,OostVlaanderen,109,9216,50,8589,0,0,627
1649,2020-09-08,OostVlaanderen,82,9298,48,8637,0,0,661
1650,2020-09-09,OostVlaanderen,96,9394,32,8669,0,0,725
1651,2020-09-10,OostVlaanderen,119,9513,39,8708,0,0,805
1652,2020-09-11,OostVlaanderen,139,9652,52,8760,0,0,892
1653,2020-09-12,OostVlaanderen,45,9697,13,8773,0,0,924
1654,2020-09-13,OostVlaanderen,28,9725,14,8787,0,0,938
1655,2020-09-14,OostVlaanderen,173,9898,60,8847,0,0,1051
1656,2020-09-15,OostVlaanderen,127,10025,37,8884,0,0,1141
1657,2020-09-16,OostVlaanderen,167,10192,56,8940,0,0,1252
1658,2020-09-17,OostVlaanderen,109,10301,52,8992,0,0,1309
1659,2020-09-18,OostVlaanderen,157,10458,75,9067,0,0,1391
1660,2020-09-19,OostVlaanderen,69,10527,27,9094,0,0,1433
1661,2020-09-20,OostVlaanderen,42,10569,13,9107,0,0,1462
1662,2020-09-21,OostVlaanderen,162,10731,109,9216,0,0,1515
1663,2020-09-22,OostVlaanderen,153,10884,82,9298,0,0,1586
1664,2020-09-23,OostVlaanderen,138,11022,96,9394,0,0,1628
1665,2020-09-24,OostVlaanderen,145,11167,119,9513,0,0,1654
1666,2020-09-25,OostVlaanderen,117,11284,139,9652,0,0,1632
1667,2020-09-26,OostVlaanderen,59,11343,45,9697,0,0,1646
1668,2020-09-27,OostVlaanderen,41,11384,28,9725,0,0,1659
1669,2020-09-28,OostVlaanderen,236,11620,173,9898,0,0,1722
1670,2020-09-29,OostVlaanderen,158,11778,127,10025,0,0,1753
1671,2020-09-30,OostVlaanderen,277,12055,167,10192,0,0,1863
1672,2020-10-01,OostVlaanderen,214,12269,109,10301,0,0,1968
1673,2020-10-02,OostVlaanderen,186,12455,157,10458,0,0,1997
1674,2020-10-03,OostVlaanderen,105,12560,69,10527,0,0,2033
1675,2020-10-04,OostVlaanderen,55,12615,42,10569,0,0,2046
1676,2020-10-05,OostVlaanderen,397,13012,162,10731,0,0,2281
1677,2020-10-06,OostVlaanderen,347,13359,153,10884,0,0,2475
1678,2020-10-07,OostVlaanderen,423,13782,138,11022,0,0,2760
1679,2020-10-08,OostVlaanderen,501,14283,145,11167,0,0,3116
1680,2020-10-09,OostVlaanderen,462,14745,117,11284,0,0,3461
1681,2020-10-10,OostVlaanderen,212,14957,59,11343,0,0,3614
1682,2020-10-11,OostVlaanderen,139,15096,41,11384,0,0,3712
1683,2020-10-12,OostVlaanderen,773,15869,236,11620,0,0,4249
1684,2020-10-13,OostVlaanderen,727,16596,158,11778,0,0,4818
1685,2020-10-14,OostVlaanderen,752,17348,277,12055,0,0,5293
1686,2020-10-15,OostVlaanderen,824,18172,214,12269,0,0,5903
1687,2020-10-16,OostVlaanderen,994,19166,186,12455,0,0,6711
1688,2020-10-17,OostVlaanderen,441,19607,105,12560,0,0,7047
1689,2020-10-18,OostVlaanderen,369,19976,55,12615,0,0,7361
1690,2020-10-19,OostVlaanderen,1630,21606,397,13012,0,0,8594
1691,2020-10-20,OostVlaanderen,1490,23096,347,13359,0,0,9737
1692,2020-10-21,OostVlaanderen,1646,24742,423,13782,0,0,10960
1693,2020-10-22,OostVlaanderen,1580,26322,501,14283,0,0,12039
1694,2020-10-23,OostVlaanderen,1706,28028,462,14745,0,0,13283
1695,2020-10-24,OostVlaanderen,930,28958,212,14957,0,0,14001
1696,2020-10-25,OostVlaanderen,489,29447,139,15096,0,0,14351
1697,2020-10-26,OostVlaanderen,2375,31822,773,15869,0,0,15953
1698,2020-10-27,OostVlaanderen,1848,33670,727,16596,0,0,17074
1699,2020-10-28,OostVlaanderen,1580,35250,752,17348,0,0,17902
1700,2020-10-29,OostVlaanderen,1516,36766,824,18172,0,0,18594
1701,2020-10-30,OostVlaanderen,1307,38073,994,19166,0,0,18907
1702,2020-10-31,OostVlaanderen,494,38567,441,19607,0,0,18960
1703,2020-11-01,OostVlaanderen,319,38886,369,19976,0,0,18910
1704,2020-11-02,OostVlaanderen,1567,40453,1630,21606,0,0,18847
1705,2020-11-03,OostVlaanderen,998,41451,1490,23096,0,0,18355
1706,2020-11-04,OostVlaanderen,1043,42494,1646,24742,0,0,17752
1707,2020-11-05,OostVlaanderen,710,43204,1580,26322,0,0,16882
1708,2020-11-06,OostVlaanderen,760,43964,1706,28028,0,0,15936
1709,2020-11-07,OostVlaanderen,320,44284,930,28958,0,0,15326
1710,2020-11-08,OostVlaanderen,184,44468,489,29447,0,0,15021
1711,2020-11-09,OostVlaanderen,1040,45508,2375,31822,0,0,13686
1712,2020-11-10,OostVlaanderen,893,46401,1848,33670,0,0,12731
1713,2020-11-11,OostVlaanderen,282,46683,1580,35250,0,0,11433
1714,2020-11-12,OostVlaanderen,776,47459,1516,36766,0,0,10693
1715,2020-11-13,OostVlaanderen,825,48284,1307,38073,0,0,10211
1716,2020-11-14,OostVlaanderen,295,48579,494,38567,0,0,10012
1717,2020-11-15,OostVlaanderen,122,48701,319,38886,0,0,9815
1718,2020-11-16,OostVlaanderen,767,49468,1567,40453,0,0,9015
1719,2020-11-17,OostVlaanderen,604,50072,998,41451,0,0,8621
1720,2020-11-18,OostVlaanderen,639,50711,1043,42494,0,0,8217
1721,2020-11-19,OostVlaanderen,360,51071,710,43204,0,0,7867
1722,2020-11-20,OostVlaanderen,390,51461,760,43964,0,0,7497
1723,2020-11-21,OostVlaanderen,189,51650,320,44284,0,0,7366
1724,2020-11-22,OostVlaanderen,125,51775,184,44468,0,0,7307
1725,2020-11-23,OostVlaanderen,500,52275,1040,45508,0,0,6767
1726,2020-11-24,OostVlaanderen,401,52676,893,46401,0,0,6275
1727,2020-11-25,OostVlaanderen,427,53103,282,46683,0,0,6420
1728,2020-11-26,OostVlaanderen,368,53471,776,47459,0,0,6012
1729,2020-11-27,OostVlaanderen,379,53850,825,48284,0,0,5566
1730,2020-11-28,OostVlaanderen,124,53974,295,48579,0,0,5395
1731,2020-11-29,OostVlaanderen,74,54048,122,48701,0,0,5347
1732,2020-11-30,OostVlaanderen,476,54524,767,49468,0,0,5056
1733,2020-12-01,OostVlaanderen,413,54937,604,50072,0,0,4865
1734,2020-12-02,OostVlaanderen,431,55368,639,50711,0,0,4657
1735,2020-12-03,OostVlaanderen,338,55706,360,51071,0,0,4635
1736,2020-12-04,OostVlaanderen,384,56090,390,51461,0,0,4629
1737,2020-12-05,OostVlaanderen,175,56265,189,51650,0,0,4615
1738,2020-12-06,OostVlaanderen,99,56364,125,51775,0,0,4589
1739,2020-12-07,OostVlaanderen,504,56868,500,52275,0,0,4593
1740,2020-12-08,OostVlaanderen,451,57319,401,52676,0,0,4643
1741,2020-12-09,OostVlaanderen,454,57773,427,53103,0,0,4670
1742,2020-12-10,OostVlaanderen,423,58196,368,53471,0,0,4725
1743,2020-12-11,OostVlaanderen,432,58628,379,53850,0,0,4778
1744,2020-12-12,OostVlaanderen,301,58929,124,53974,0,0,4955
1745,2020-12-13,OostVlaanderen,133,59062,74,54048,0,0,5014
1746,2020-12-14,OostVlaanderen,698,59760,476,54524,0,0,5236
1747,2020-12-15,OostVlaanderen,497,60257,413,54937,0,0,5320
1748,2020-12-16,OostVlaanderen,410,60667,431,55368,0,0,5299
1749,2020-12-17,OostVlaanderen,444,61111,338,55706,0,0,5405
1750,2020-12-18,OostVlaanderen,445,61556,384,56090,0,0,5466
1751,2020-12-19,OostVlaanderen,213,61769,175,56265,0,0,5504
1752,2020-12-20,OostVlaanderen,127,61896,99,56364,0,0,5532
1753,2020-12-21,OostVlaanderen,494,62390,504,56868,0,0,5522
1754,2020-12-22,OostVlaanderen,452,62842,451,57319,0,0,5523
1755,2020-12-23,OostVlaanderen,403,63245,454,57773,0,0,5472
1756,2020-12-24,OostVlaanderen,270,63515,423,58196,0,0,5319
1757,2020-12-25,OostVlaanderen,105,63620,432,58628,0,0,4992
1758,2020-12-26,OostVlaanderen,186,63806,301,58929,0,0,4877
1759,2020-12-27,OostVlaanderen,110,63916,133,59062,0,0,4854
1760,2020-12-28,OostVlaanderen,513,64429,698,59760,0,0,4669
1761,2020-12-29,OostVlaanderen,351,64780,497,60257,0,0,4523
1762,2020-12-30,OostVlaanderen,325,65105,410,60667,0,0,4438
1763,2020-12-31,OostVlaanderen,223,65328,444,61111,0,0,4217
1764,2021-01-01,OostVlaanderen,63,65391,445,61556,0,0,3835
1765,2021-01-02,OostVlaanderen,161,65552,213,61769,0,0,3783
1766,2021-01-03,OostVlaanderen,110,65662,127,61896,0,0,3766
1767,2021-01-04,OostVlaanderen,500,66162,494,62390,0,0,3772
1768,2021-01-05,OostVlaanderen,374,66536,452,62842,0,0,3694
1769,2021-01-06,OostVlaanderen,365,66901,403,63245,0,0,3656
1770,2021-01-07,OostVlaanderen,244,67145,270,63515,0,0,3630
1771,2021-01-08,OostVlaanderen,288,67433,105,63620,0,0,3813
1772,2021-01-09,OostVlaanderen,160,67593,186,63806,0,0,3787
1773,2021-01-10,OostVlaanderen,87,67680,110,63916,0,0,3764
1774,2021-01-11,OostVlaanderen,453,68133,513,64429,0,0,3704
1775,2021-01-12,OostVlaanderen,287,68420,351,64780,0,0,3640
1776,2021-01-13,OostVlaanderen,350,68770,325,65105,0,0,3665
1777,2021-01-14,OostVlaanderen,337,69107,223,65328,0,0,3779
1778,2021-01-15,OostVlaanderen,312,69419,63,65391,0,0,4028
1779,2021-01-16,OostVlaanderen,153,69572,161,65552,0,0,4020
1780,2021-01-17,OostVlaanderen,94,69666,110,65662,0,0,4004
1781,2021-01-18,OostVlaanderen,455,70121,500,66162,0,0,3959
1782,2021-01-19,OostVlaanderen,345,70466,374,66536,0,0,3930
1783,2021-01-20,OostVlaanderen,426,70892,365,66901,0,0,3991
1784,2021-01-21,OostVlaanderen,343,71235,244,67145,0,0,4090
1785,2021-01-22,OostVlaanderen,356,71591,288,67433,0,0,4158
1786,2021-01-23,OostVlaanderen,196,71787,160,67593,0,0,4194
1787,2021-01-24,OostVlaanderen,91,71878,87,67680,0,0,4198
1788,2021-01-25,OostVlaanderen,474,72352,453,68133,0,0,4219
1789,2021-01-26,OostVlaanderen,378,72730,287,68420,0,0,4310
1790,2021-01-27,OostVlaanderen,371,73101,350,68770,0,0,4331
1791,2021-01-28,OostVlaanderen,301,73402,337,69107,0,0,4295
1792,2021-01-29,OostVlaanderen,404,73806,312,69419,0,0,4387
1793,2021-01-30,OostVlaanderen,186,73992,153,69572,0,0,4420
1794,2021-01-31,OostVlaanderen,122,74114,94,69666,0,0,4448
1795,2021-02-01,OostVlaanderen,502,74616,455,70121,0,0,4495
1796,2021-02-02,OostVlaanderen,388,75004,345,70466,0,0,4538
1797,2021-02-03,OostVlaanderen,387,75391,426,70892,0,0,4499
1798,2021-02-04,OostVlaanderen,318,75709,343,71235,0,0,4474
1799,2021-02-05,OostVlaanderen,371,76080,356,71591,0,0,4489
1800,2021-02-06,OostVlaanderen,176,76256,196,71787,0,0,4469
1801,2021-02-07,OostVlaanderen,83,76339,91,71878,0,0,4461
1802,2021-02-08,OostVlaanderen,439,76778,474,72352,0,0,4426
1803,2021-02-09,OostVlaanderen,309,77087,378,72730,0,0,4357
1804,2021-02-10,OostVlaanderen,340,77427,371,73101,0,0,4326
1805,2021-02-11,OostVlaanderen,304,77731,301,73402,0,0,4329
1806,2021-02-12,OostVlaanderen,367,78098,404,73806,0,0,4292
1807,2021-02-13,OostVlaanderen,147,78245,186,73992,0,0,4253
1808,2021-02-14,OostVlaanderen,134,78379,122,74114,0,0,4265
1809,2021-02-15,OostVlaanderen,527,78906,502,74616,0,0,4290
1810,2021-02-16,OostVlaanderen,405,79311,388,75004,0,0,4307
1811,2021-02-17,OostVlaanderen,448,79759,387,75391,0,0,4368
1812,2021-02-18,OostVlaanderen,441,80200,318,75709,0,0,4491
1813,2021-02-19,OostVlaanderen,443,80643,371,76080,0,0,4563
1814,2021-02-20,OostVlaanderen,267,80910,176,76256,0,0,4654
1815,2021-02-21,OostVlaanderen,119,81029,83,76339,0,0,4690
1816,2021-02-22,OostVlaanderen,594,81623,439,76778,0,0,4845
1817,2021-02-23,OostVlaanderen,490,82113,309,77087,0,0,5026
1818,2021-02-24,OostVlaanderen,473,82586,340,77427,0,0,5159
1819,2021-02-25,OostVlaanderen,391,82977,304,77731,0,0,5246
1820,2021-02-26,OostVlaanderen,412,83389,367,78098,0,0,5291
1821,2021-02-27,OostVlaanderen,198,83587,147,78245,0,0,5342
1822,2021-02-28,OostVlaanderen,120,83707,134,78379,0,0,5328
1823,2021-03-01,OostVlaanderen,540,84247,527,78906,0,0,5341
1824,2021-03-02,OostVlaanderen,418,84665,405,79311,0,0,5354
1825,2021-03-03,OostVlaanderen,411,85076,448,79759,0,0,5317
1826,2021-03-04,OostVlaanderen,391,85467,441,80200,0,0,5267
1827,2021-03-05,OostVlaanderen,383,85850,443,80643,0,0,5207
1828,2021-03-06,OostVlaanderen,218,86068,267,80910,0,0,5158
1829,2021-03-07,OostVlaanderen,127,86195,119,81029,0,0,5166
1830,2021-03-08,OostVlaanderen,601,86796,594,81623,0,0,5173
1831,2021-03-09,OostVlaanderen,457,87253,490,82113,0,0,5140
1832,2021-03-10,OostVlaanderen,615,87868,473,82586,0,0,5282
1833,2021-03-11,OostVlaanderen,523,88391,391,82977,0,0,5414
1834,2021-03-12,OostVlaanderen,548,88939,412,83389,0,0,5550
1835,2021-03-13,OostVlaanderen,284,89223,198,83587,0,0,5636
1836,2021-03-14,OostVlaanderen,248,89471,120,83707,0,0,5764
1837,2021-03-15,OostVlaanderen,908,90379,540,84247,0,0,6132
1838,2021-03-16,OostVlaanderen,714,91093,418,84665,0,0,6428
1839,2021-03-17,OostVlaanderen,747,91840,411,85076,0,0,6764
1840,2021-03-18,OostVlaanderen,735,92575,391,85467,0,0,7108
1841,2021-03-19,OostVlaanderen,799,93374,383,85850,0,0,7524
1842,2021-03-20,OostVlaanderen,355,93729,218,86068,0,0,7661
1843,2021-03-21,OostVlaanderen,185,93914,127,86195,0,0,7719
1844,2021-03-22,OostVlaanderen,966,94880,601,86796,0,0,8084
1845,2021-03-23,OostVlaanderen,866,95746,457,87253,0,0,8493
1846,2021-03-24,OostVlaanderen,850,96596,615,87868,0,0,8728
1847,2021-03-25,OostVlaanderen,702,97298,523,88391,0,0,8907
1848,2021-03-26,OostVlaanderen,813,98111,548,88939,0,0,9172
1849,2021-03-27,OostVlaanderen,368,98479,284,89223,0,0,9256
1850,2021-03-28,OostVlaanderen,218,98697,248,89471,0,0,9226
1851,2021-03-29,OostVlaanderen,943,99640,908,90379,0,0,9261
1852,2021-03-30,OostVlaanderen,679,100319,714,91093,0,0,9226
1853,2021-03-31,OostVlaanderen,628,100947,747,91840,0,0,9107
1854,2021-04-01,OostVlaanderen,661,101608,735,92575,0,0,9033
1855,2021-04-02,OostVlaanderen,669,102277,799,93374,0,0,8903
1856,2021-04-03,OostVlaanderen,320,102597,355,93729,0,0,8868
1857,2021-04-04,OostVlaanderen,197,102794,185,93914,0,0,8880
1858,2021-04-05,OostVlaanderen,235,103029,966,94880,0,0,8149
1859,2021-04-06,OostVlaanderen,758,103787,866,95746,0,0,8041
1860,2021-04-07,OostVlaanderen,575,104362,850,96596,0,0,7766
1861,2021-04-08,OostVlaanderen,635,104997,702,97298,0,0,7699
1862,2021-04-09,OostVlaanderen,632,105629,813,98111,0,0,7518
1863,2021-04-10,OostVlaanderen,359,105988,368,98479,0,0,7509
1864,2021-04-11,OostVlaanderen,169,106157,218,98697,0,0,7460
1865,2021-04-12,OostVlaanderen,691,106848,943,99640,0,0,7208
1866,2021-04-13,OostVlaanderen,534,107382,679,100319,0,0,7063
1867,2021-04-14,OostVlaanderen,498,107880,628,100947,0,0,6933
1868,2021-04-15,OostVlaanderen,496,108376,661,101608,0,0,6768
1869,2021-04-16,OostVlaanderen,522,108898,669,102277,0,0,6621
1870,2021-04-17,OostVlaanderen,233,109131,320,102597,0,0,6534
1871,2021-04-18,OostVlaanderen,132,109263,197,102794,0,0,6469
1872,2021-04-19,OostVlaanderen,815,110078,235,103029,0,0,7049
1873,2021-04-20,OostVlaanderen,543,110621,758,103787,0,0,6834
1874,2021-04-21,OostVlaanderen,471,111092,575,104362,0,0,6730
1875,2021-04-22,OostVlaanderen,435,111527,635,104997,0,0,6530
1876,2021-04-23,OostVlaanderen,421,111948,632,105629,0,0,6319
1877,2021-04-24,OostVlaanderen,200,112148,359,105988,0,0,6160
1878,2021-04-25,OostVlaanderen,129,112277,169,106157,0,0,6120
1879,2021-04-26,OostVlaanderen,599,112876,691,106848,0,0,6028
1880,2021-04-27,OostVlaanderen,431,113307,534,107382,0,0,5925
1881,2021-04-28,OostVlaanderen,361,113668,498,107880,0,0,5788
1882,2021-04-29,OostVlaanderen,398,114066,496,108376,0,0,5690
1883,2021-04-30,OostVlaanderen,434,114500,522,108898,0,0,5602
1884,2021-05-01,OostVlaanderen,154,114654,233,109131,0,0,5523
1885,2021-05-02,OostVlaanderen,141,114795,132,109263,0,0,5532
1886,2021-05-03,OostVlaanderen,569,115364,815,110078,0,0,5286
1887,2021-05-04,OostVlaanderen,431,115795,543,110621,0,0,5174
1888,2021-05-05,OostVlaanderen,426,116221,471,111092,0,0,5129
1889,2021-05-06,OostVlaanderen,392,116613,435,111527,0,0,5086
1890,2021-05-07,OostVlaanderen,389,117002,421,111948,0,0,5054
1891,2021-05-08,OostVlaanderen,151,117153,200,112148,0,0,5005
1892,2021-05-09,OostVlaanderen,79,117232,129,112277,0,0,4955
1893,2021-05-10,OostVlaanderen,403,117635,599,112876,0,0,4759
1894,2021-05-11,OostVlaanderen,364,117999,431,113307,0,0,4692
1895,2021-05-12,OostVlaanderen,307,118306,361,113668,0,0,4638
1896,2021-05-13,OostVlaanderen,74,118380,398,114066,0,0,4314
1897,2021-05-14,OostVlaanderen,344,118724,434,114500,0,0,4224
1898,2021-05-15,OostVlaanderen,128,118852,154,114654,0,0,4198
1899,2021-05-16,OostVlaanderen,70,118922,141,114795,0,0,4127
1900,2021-05-17,OostVlaanderen,416,119338,569,115364,0,0,3974
1901,2021-05-18,OostVlaanderen,336,119674,431,115795,0,0,3879
1902,2021-05-19,OostVlaanderen,303,119977,426,116221,0,0,3756
1903,2021-05-20,OostVlaanderen,244,120221,392,116613,0,0,3608
1904,2021-05-21,OostVlaanderen,231,120452,389,117002,0,0,3450
1905,2021-05-22,OostVlaanderen,120,120572,151,117153,0,0,3419
1906,2021-05-23,OostVlaanderen,86,120658,79,117232,0,0,3426
1907,2021-05-24,OostVlaanderen,109,120767,403,117635,0,0,3132
1908,2021-05-25,OostVlaanderen,302,121069,364,117999,0,0,3070
1909,2021-05-26,OostVlaanderen,247,121316,307,118306,0,0,3010
1910,2021-05-27,OostVlaanderen,229,121545,74,118380,0,0,3165
1911,2021-05-28,OostVlaanderen,211,121756,344,118724,0,0,3032
1912,2021-05-29,OostVlaanderen,113,121869,128,118852,0,0,3017
1913,2021-05-30,OostVlaanderen,57,121926,70,118922,0,0,3004
1914,2021-05-31,OostVlaanderen,193,122119,416,119338,0,0,2781
1915,2021-06-01,OostVlaanderen,172,122291,336,119674,0,0,2617
1916,2021-06-02,OostVlaanderen,169,122460,303,119977,0,0,2483
1917,2021-06-03,OostVlaanderen,111,122571,244,120221,0,0,2350
1918,2021-06-04,OostVlaanderen,125,122696,231,120452,0,0,2244
1919,2021-06-05,OostVlaanderen,62,122758,120,120572,0,0,2186
1920,2021-06-06,OostVlaanderen,22,122780,86,120658,0,0,2122
1921,2021-06-07,OostVlaanderen,133,122913,109,120767,0,0,2146
1922,2021-06-08,OostVlaanderen,117,123030,302,121069,0,0,1961
1923,2021-06-09,OostVlaanderen,79,123109,247,121316,0,0,1793
1924,2021-06-10,OostVlaanderen,88,123197,229,121545,0,0,1652
1925,2021-06-11,OostVlaanderen,90,123287,211,121756,0,0,1531
1926,2021-06-12,OostVlaanderen,33,123320,113,121869,0,0,1451
1927,2021-06-13,OostVlaanderen,17,123337,57,121926,0,0,1411
1928,2021-06-14,OostVlaanderen,94,123431,193,122119,0,0,1312
1929,2021-06-15,OostVlaanderen,66,123497,172,122291,0,0,1206
1930,2021-06-16,OostVlaanderen,39,123536,169,122460,0,0,1076
1931,2021-06-17,OostVlaanderen,46,123582,111,122571,0,0,1011
1932,2021-06-18,OostVlaanderen,44,123626,125,122696,0,0,930
1933,2021-06-19,OostVlaanderen,28,123654,62,122758,0,0,896
1934,2021-06-20,OostVlaanderen,20,123674,22,122780,0,0,894
1935,2021-06-21,OostVlaanderen,72,123746,133,122913,0,0,833
1936,2021-06-22,OostVlaanderen,54,123800,117,123030,0,0,770
1937,2021-06-23,OostVlaanderen,55,123855,79,123109,0,0,746
1938,2021-06-24,OostVlaanderen,28,123883,88,123197,0,0,686
1939,2021-06-25,OostVlaanderen,41,123924,90,123287,0,0,637
1940,2021-06-26,OostVlaanderen,24,123948,33,123320,0,0,628
1941,2021-06-27,OostVlaanderen,13,123961,17,123337,0,0,624
1942,2021-06-28,OostVlaanderen,0,123961,0,123337,0,0,624
1943,2021-06-29,OostVlaanderen,0,123961,0,123337,0,0,624
1944,2020-03-01,Namur,0,0,0,0,0,0,0
1945,2020-03-02,Namur,0,0,0,0,0,0,0
1946,2020-03-03,Namur,1,1,0,0,0,0,1
1947,2020-03-04,Namur,1,2,0,0,0,0,2
1948,2020-03-05,Namur,1,3,0,0,0,0,3
1949,2020-03-06,Namur,5,8,0,0,0,0,8
1950,2020-03-07,Namur,0,8,0,0,0,0,8
1951,2020-03-08,Namur,2,10,0,0,0,0,10
1952,2020-03-09,Namur,3,13,0,0,0,0,13
1953,2020-03-10,Namur,0,13,0,0,0,0,13
1954,2020-03-11,Namur,5,18,0,0,0,0,18
1955,2020-03-12,Namur,2,20,0,0,0,0,20
1956,2020-03-13,Namur,7,27,0,0,0,0,27
1957,2020-03-14,Namur,4,31,0,0,0,0,31
1958,2020-03-15,Namur,1,32,0,0,0,0,32
1959,2020-03-16,Namur,0,32,0,0,0,0,32
1960,2020-03-17,Namur,9,41,1,1,0,0,40
1961,2020-03-18,Namur,21,62,1,2,0,0,60
1962,2020-03-19,Namur,21,83,1,3,0,0,80
1963,2020-03-20,Namur,15,98,5,8,0,0,90
1964,2020-03-21,Namur,9,107,0,8,0,0,99
1965,2020-03-22,Namur,16,123,2,10,0,0,113
1966,2020-03-23,Namur,32,155,3,13,0,0,142
1967,2020-03-24,Namur,29,184,0,13,0,0,171
1968,2020-03-25,Namur,38,222,5,18,0,0,204
1969,2020-03-26,Namur,33,255,2,20,0,0,235
1970,2020-03-27,Namur,46,301,7,27,0,0,274
1971,2020-03-28,Namur,31,332,4,31,0,0,301
1972,2020-03-29,Namur,23,355,1,32,0,0,323
1973,2020-03-30,Namur,48,403,0,32,0,0,371
1974,2020-03-31,Namur,49,452,9,41,0,0,411
1975,2020-04-01,Namur,58,510,21,62,0,0,448
1976,2020-04-02,Namur,77,587,21,83,0,0,504
1977,2020-04-03,Namur,68,655,15,98,0,0,557
1978,2020-04-04,Namur,38,693,9,107,0,0,586
1979,2020-04-05,Namur,37,730,16,123,0,0,607
1980,2020-04-06,Namur,76,806,32,155,0,0,651
1981,2020-04-07,Namur,77,883,29,184,0,0,699
1982,2020-04-08,Namur,70,953,38,222,0,0,731
1983,2020-04-09,Namur,55,1008,33,255,0,0,753
1984,2020-04-10,Namur,48,1056,46,301,0,0,755
1985,2020-04-11,Namur,41,1097,31,332,0,0,765
1986,2020-04-12,Namur,24,1121,23,355,0,0,766
1987,2020-04-13,Namur,19,1140,48,403,0,0,737
1988,2020-04-14,Namur,60,1200,49,452,0,0,748
1989,2020-04-15,Namur,120,1320,58,510,0,0,810
1990,2020-04-16,Namur,58,1378,77,587,0,0,791
1991,2020-04-17,Namur,43,1421,68,655,0,0,766
1992,2020-04-18,Namur,22,1443,38,693,0,0,750
1993,2020-04-19,Namur,59,1502,37,730,0,0,772
1994,2020-04-20,Namur,78,1580,76,806,0,0,774
1995,2020-04-21,Namur,53,1633,77,883,0,0,750
1996,2020-04-22,Namur,31,1664,70,953,0,0,711
1997,2020-04-23,Namur,26,1690,55,1008,0,0,682
1998,2020-04-24,Namur,61,1751,48,1056,0,0,695
1999,2020-04-25,Namur,42,1793,41,1097,0,0,696
2000,2020-04-26,Namur,11,1804,24,1121,0,0,683
2001,2020-04-27,Namur,45,1849,19,1140,0,0,709
2002,2020-04-28,Namur,30,1879,60,1200,0,0,679
2003,2020-04-29,Namur,35,1914,120,1320,0,0,594
2004,2020-04-30,Namur,21,1935,58,1378,0,0,557
2005,2020-05-01,Namur,8,1943,43,1421,0,0,522
2006,2020-05-02,Namur,13,1956,22,1443,0,0,513
2007,2020-05-03,Namur,14,1970,59,1502,0,0,468
2008,2020-05-04,Namur,36,2006,78,1580,0,0,426
2009,2020-05-05,Namur,35,2041,53,1633,0,0,408
2010,2020-05-06,Namur,21,2062,31,1664,0,0,398
2011,2020-05-07,Namur,32,2094,26,1690,0,0,404
2012,2020-05-08,Namur,33,2127,61,1751,0,0,376
2013,2020-05-09,Namur,11,2138,42,1793,0,0,345
2014,2020-05-10,Namur,3,2141,11,1804,0,0,337
2015,2020-05-11,Namur,27,2168,45,1849,0,0,319
2016,2020-05-12,Namur,18,2186,30,1879,0,0,307
2017,2020-05-13,Namur,20,2206,35,1914,0,0,292
2018,2020-05-14,Namur,11,2217,21,1935,0,0,282
2019,2020-05-15,Namur,9,2226,8,1943,0,0,283
2020,2020-05-16,Namur,6,2232,13,1956,0,0,276
2021,2020-05-17,Namur,1,2233,14,1970,0,0,263
2022,2020-05-18,Namur,10,2243,36,2006,0,0,237
2023,2020-05-19,Namur,7,2250,35,2041,0,0,209
2024,2020-05-20,Namur,16,2266,21,2062,0,0,204
2025,2020-05-21,Namur,2,2268,32,2094,0,0,174
2026,2020-05-22,Namur,5,2273,33,2127,0,0,146
2027,2020-05-23,Namur,1,2274,11,2138,0,0,136
2028,2020-05-24,Namur,4,2278,3,2141,0,0,137
2029,2020-05-25,Namur,11,2289,27,2168,0,0,121
2030,2020-05-26,Namur,2,2291,18,2186,0,0,105
2031,2020-05-27,Namur,5,2296,20,2206,0,0,90
2032,2020-05-28,Namur,1,2297,11,2217,0,0,80
2033,2020-05-29,Namur,13,2310,9,2226,0,0,84
2034,2020-05-30,Namur,2,2312,6,2232,0,0,80
2035,2020-05-31,Namur,4,2316,1,2233,0,0,83
2036,2020-06-01,Namur,1,2317,10,2243,0,0,74
2037,2020-06-02,Namur,6,2323,7,2250,0,0,73
2038,2020-06-03,Namur,2,2325,16,2266,0,0,59
2039,2020-06-04,Namur,7,2332,2,2268,0,0,64
2040,2020-06-05,Namur,6,2338,5,2273,0,0,65
2041,2020-06-06,Namur,0,2338,1,2274,0,0,64
2042,2020-06-07,Namur,0,2338,4,2278,0,0,60
2043,2020-06-08,Namur,3,2341,11,2289,0,0,52
2044,2020-06-09,Namur,5,2346,2,2291,0,0,55
2045,2020-06-10,Namur,3,2349,5,2296,0,0,53
2046,2020-06-11,Namur,1,2350,1,2297,0,0,53
2047,2020-06-12,Namur,1,2351,13,2310,0,0,41
2048,2020-06-13,Namur,2,2353,2,2312,0,0,41
2049,2020-06-14,Namur,0,2353,4,2316,0,0,37
2050,2020-06-15,Namur,3,2356,1,2317,0,0,39
2051,2020-06-16,Namur,1,2357,6,2323,0,0,34
2052,2020-06-17,Namur,2,2359,2,2325,0,0,34
2053,2020-06-18,Namur,2,2361,7,2332,0,0,29
2054,2020-06-19,Namur,2,2363,6,2338,0,0,25
2055,2020-06-20,Namur,2,2365,0,2338,0,0,27
2056,2020-06-21,Namur,0,2365,0,2338,0,0,27
2057,2020-06-22,Namur,2,2367,3,2341,0,0,26
2058,2020-06-23,Namur,3,2370,5,2346,0,0,24
2059,2020-06-24,Namur,2,2372,3,2349,0,0,23
2060,2020-06-25,Namur,1,2373,1,2350,0,0,23
2061,2020-06-26,Namur,1,2374,1,2351,0,0,23
2062,2020-06-27,Namur,1,2375,2,2353,0,0,22
2063,2020-06-28,Namur,0,2375,0,2353,0,0,22
2064,2020-06-29,Namur,3,2378,3,2356,0,0,22
2065,2020-06-30,Namur,4,2382,1,2357,0,0,25
2066,2020-07-01,Namur,0,2382,2,2359,0,0,23
2067,2020-07-02,Namur,1,2383,2,2361,0,0,22
2068,2020-07-03,Namur,2,2385,2,2363,0,0,22
2069,2020-07-04,Namur,1,2386,2,2365,0,0,21
2070,2020-07-05,Namur,0,2386,0,2365,0,0,21
2071,2020-07-06,Namur,1,2387,2,2367,0,0,20
2072,2020-07-07,Namur,2,2389,3,2370,0,0,19
2073,2020-07-08,Namur,0,2389,2,2372,0,0,17
2074,2020-07-09,Namur,0,2389,1,2373,0,0,16
2075,2020-07-10,Namur,0,2389,1,2374,0,0,15
2076,2020-07-11,Namur,4,2393,1,2375,0,0,18
2077,2020-07-12,Namur,0,2393,0,2375,0,0,18
2078,2020-07-13,Namur,1,2394,3,2378,0,0,16
2079,2020-07-14,Namur,2,2396,4,2382,0,0,14
2080,2020-07-15,Namur,5,2401,0,2382,0,0,19
2081,2020-07-16,Namur,5,2406,1,2383,0,0,23
2082,2020-07-17,Namur,4,2410,2,2385,0,0,25
2083,2020-07-18,Namur,5,2415,1,2386,0,0,29
2084,2020-07-19,Namur,0,2415,0,2386,0,0,29
2085,2020-07-20,Namur,9,2424,1,2387,0,0,37
2086,2020-07-21,Namur,2,2426,2,2389,0,0,37
2087,2020-07-22,Namur,12,2438,0,2389,0,0,49
2088,2020-07-23,Namur,7,2445,0,2389,0,0,56
2089,2020-07-24,Namur,9,2454,0,2389,0,0,65
2090,2020-07-25,Namur,2,2456,4,2393,0,0,63
2091,2020-07-26,Namur,6,2462,0,2393,0,0,69
2092,2020-07-27,Namur,11,2473,1,2394,0,0,79
2093,2020-07-28,Namur,25,2498,2,2396,0,0,102
2094,2020-07-29,Namur,33,2531,5,2401,0,0,130
2095,2020-07-30,Namur,10,2541,5,2406,0,0,135
2096,2020-07-31,Namur,25,2566,4,2410,0,0,156
2097,2020-08-01,Namur,5,2571,5,2415,0,0,156
2098,2020-08-02,Namur,2,2573,0,2415,0,0,158
2099,2020-08-03,Namur,24,2597,9,2424,0,0,173
2100,2020-08-04,Namur,31,2628,2,2426,0,0,202
2101,2020-08-05,Namur,23,2651,12,2438,0,0,213
2102,2020-08-06,Namur,33,2684,7,2445,0,0,239
2103,2020-08-07,Namur,25,2709,9,2454,0,0,255
2104,2020-08-08,Namur,6,2715,2,2456,0,0,259
2105,2020-08-09,Namur,2,2717,6,2462,0,0,255
2106,2020-08-10,Namur,45,2762,11,2473,0,0,289
2107,2020-08-11,Namur,25,2787,25,2498,0,0,289
2108,2020-08-12,Namur,27,2814,33,2531,0,0,283
2109,2020-08-13,Namur,16,2830,10,2541,0,0,289
2110,2020-08-14,Namur,26,2856,25,2566,0,0,290
2111,2020-08-15,Namur,5,2861,5,2571,0,0,290
2112,2020-08-16,Namur,9,2870,2,2573,0,0,297
2113,2020-08-17,Namur,25,2895,24,2597,0,0,298
2114,2020-08-18,Namur,45,2940,31,2628,0,0,312
2115,2020-08-19,Namur,13,2953,23,2651,0,0,302
2116,2020-08-20,Namur,12,2965,33,2684,0,0,281
2117,2020-08-21,Namur,19,2984,25,2709,0,0,275
2118,2020-08-22,Namur,7,2991,6,2715,0,0,276
2119,2020-08-23,Namur,0,2991,2,2717,0,0,274
2120,2020-08-24,Namur,13,3004,45,2762,0,0,242
2121,2020-08-25,Namur,11,3015,25,2787,0,0,228
2122,2020-08-26,Namur,22,3037,27,2814,0,0,223
2123,2020-08-27,Namur,18,3055,16,2830,0,0,225
2124,2020-08-28,Namur,22,3077,26,2856,0,0,221
2125,2020-08-29,Namur,7,3084,5,2861,0,0,223
2126,2020-08-30,Namur,5,3089,9,2870,0,0,219
2127,2020-08-31,Namur,19,3108,25,2895,0,0,213
2128,2020-09-01,Namur,12,3120,45,2940,0,0,180
2129,2020-09-02,Namur,18,3138,13,2953,0,0,185
2130,2020-09-03,Namur,23,3161,12,2965,0,0,196
2131,2020-09-04,Namur,18,3179,19,2984,0,0,195
2132,2020-09-05,Namur,9,3188,7,2991,0,0,197
2133,2020-09-06,Namur,5,3193,0,2991,0,0,202
2134,2020-09-07,Namur,16,3209,13,3004,0,0,205
2135,2020-09-08,Namur,12,3221,11,3015,0,0,206
2136,2020-09-09,Namur,18,3239,22,3037,0,0,202
2137,2020-09-10,Namur,39,3278,18,3055,0,0,223
2138,2020-09-11,Namur,35,3313,22,3077,0,0,236
2139,2020-09-12,Namur,23,3336,7,3084,0,0,252
2140,2020-09-13,Namur,3,3339,5,3089,0,0,250
2141,2020-09-14,Namur,44,3383,19,3108,0,0,275
2142,2020-09-15,Namur,50,3433,12,3120,0,0,313
2143,2020-09-16,Namur,55,3488,18,3138,0,0,350
2144,2020-09-17,Namur,45,3533,23,3161,0,0,372
2145,2020-09-18,Namur,43,3576,18,3179,0,0,397
2146,2020-09-19,Namur,31,3607,9,3188,0,0,419
2147,2020-09-20,Namur,27,3634,5,3193,0,0,441
2148,2020-09-21,Namur,65,3699,16,3209,0,0,490
2149,2020-09-22,Namur,89,3788,12,3221,0,0,567
2150,2020-09-23,Namur,89,3877,18,3239,0,0,638
2151,2020-09-24,Namur,64,3941,39,3278,0,0,663
2152,2020-09-25,Namur,69,4010,35,3313,0,0,697
2153,2020-09-26,Namur,62,4072,23,3336,0,0,736
2154,2020-09-27,Namur,34,4106,3,3339,0,0,767
2155,2020-09-28,Namur,123,4229,44,3383,0,0,846
2156,2020-09-29,Namur,143,4372,50,3433,0,0,939
2157,2020-09-30,Namur,148,4520,55,3488,0,0,1032
2158,2020-10-01,Namur,225,4745,45,3533,0,0,1212
2159,2020-10-02,Namur,202,4947,43,3576,0,0,1371
2160,2020-10-03,Namur,107,5054,31,3607,0,0,1447
2161,2020-10-04,Namur,72,5126,27,3634,0,0,1492
2162,2020-10-05,Namur,269,5395,65,3699,0,0,1696
2163,2020-10-06,Namur,308,5703,89,3788,0,0,1915
2164,2020-10-07,Namur,474,6177,89,3877,0,0,2300
2165,2020-10-08,Namur,415,6592,64,3941,0,0,2651
2166,2020-10-09,Namur,526,7118,69,4010,0,0,3108
2167,2020-10-10,Namur,392,7510,62,4072,0,0,3438
2168,2020-10-11,Namur,167,7677,34,4106,0,0,3571
2169,2020-10-12,Namur,526,8203,123,4229,0,0,3974
2170,2020-10-13,Namur,831,9034,143,4372,0,0,4662
2171,2020-10-14,Namur,814,9848,148,4520,0,0,5328
2172,2020-10-15,Namur,573,10421,225,4745,0,0,5676
2173,2020-10-16,Namur,795,11216,202,4947,0,0,6269
2174,2020-10-17,Namur,803,12019,107,5054,0,0,6965
2175,2020-10-18,Namur,344,12363,72,5126,0,0,7237
2176,2020-10-19,Namur,689,13052,269,5395,0,0,7657
2177,2020-10-20,Namur,1343,14395,308,5703,0,0,8692
2178,2020-10-21,Namur,992,15387,474,6177,0,0,9210
2179,2020-10-22,Namur,1099,16486,415,6592,0,0,9894
2180,2020-10-23,Namur,763,17249,526,7118,0,0,10131
2181,2020-10-24,Namur,1108,18357,392,7510,0,0,10847
2182,2020-10-25,Namur,250,18607,167,7677,0,0,10930
2183,2020-10-26,Namur,739,19346,526,8203,0,0,11143
2184,2020-10-27,Namur,2028,21374,831,9034,0,0,12340
2185,2020-10-28,Namur,1113,22487,814,9848,0,0,12639
2186,2020-10-29,Namur,637,23124,573,10421,0,0,12703
2187,2020-10-30,Namur,1436,24560,795,11216,0,0,13344
2188,2020-10-31,Namur,403,24963,803,12019,0,0,12944
2189,2020-11-01,Namur,173,25136,344,12363,0,0,12773
2190,2020-11-02,Namur,794,25930,689,13052,0,0,12878
2191,2020-11-03,Namur,785,26715,1343,14395,0,0,12320
2192,2020-11-04,Namur,624,27339,992,15387,0,0,11952
2193,2020-11-05,Namur,493,27832,1099,16486,0,0,11346
2194,2020-11-06,Namur,360,28192,763,17249,0,0,10943
2195,2020-11-07,Namur,226,28418,1108,18357,0,0,10061
2196,2020-11-08,Namur,88,28506,250,18607,0,0,9899
2197,2020-11-09,Namur,538,29044,739,19346,0,0,9698
2198,2020-11-10,Namur,508,29552,2028,21374,0,0,8178
2199,2020-11-11,Namur,160,29712,1113,22487,0,0,7225
2200,2020-11-12,Namur,344,30056,637,23124,0,0,6932
2201,2020-11-13,Namur,272,30328,1436,24560,0,0,5768
2202,2020-11-14,Namur,158,30486,403,24963,0,0,5523
2203,2020-11-15,Namur,20,30506,173,25136,0,0,5370
2204,2020-11-16,Namur,268,30774,794,25930,0,0,4844
2205,2020-11-17,Namur,244,31018,785,26715,0,0,4303
2206,2020-11-18,Namur,163,31181,624,27339,0,0,3842
2207,2020-11-19,Namur,143,31324,493,27832,0,0,3492
2208,2020-11-20,Namur,180,31504,360,28192,0,0,3312
2209,2020-11-21,Namur,77,31581,226,28418,0,0,3163
2210,2020-11-22,Namur,36,31617,88,28506,0,0,3111
2211,2020-11-23,Namur,187,31804,538,29044,0,0,2760
2212,2020-11-24,Namur,169,31973,508,29552,0,0,2421
2213,2020-11-25,Namur,111,32084,160,29712,0,0,2372
2214,2020-11-26,Namur,111,32195,344,30056,0,0,2139
2215,2020-11-27,Namur,129,32324,272,30328,0,0,1996
2216,2020-11-28,Namur,70,32394,158,30486,0,0,1908
2217,2020-11-29,Namur,12,32406,20,30506,0,0,1900
2218,2020-11-30,Namur,120,32526,268,30774,0,0,1752
2219,2020-12-01,Namur,104,32630,244,31018,0,0,1612
2220,2020-12-02,Namur,109,32739,163,31181,0,0,1558
2221,2020-12-03,Namur,113,32852,143,31324,0,0,1528
2222,2020-12-04,Namur,96,32948,180,31504,0,0,1444
2223,2020-12-05,Namur,54,33002,77,31581,0,0,1421
2224,2020-12-06,Namur,18,33020,36,31617,0,0,1403
2225,2020-12-07,Namur,137,33157,187,31804,0,0,1353
2226,2020-12-08,Namur,129,33286,169,31973,0,0,1313
2227,2020-12-09,Namur,120,33406,111,32084,0,0,1322
2228,2020-12-10,Namur,118,33524,111,32195,0,0,1329
2229,2020-12-11,Namur,135,33659,129,32324,0,0,1335
2230,2020-12-12,Namur,84,33743,70,32394,0,0,1349
2231,2020-12-13,Namur,28,33771,12,32406,0,0,1365
2232,2020-12-14,Namur,168,33939,120,32526,0,0,1413
2233,2020-12-15,Namur,156,34095,104,32630,0,0,1465
2234,2020-12-16,Namur,164,34259,109,32739,0,0,1520
2235,2020-12-17,Namur,110,34369,113,32852,0,0,1517
2236,2020-12-18,Namur,139,34508,96,32948,0,0,1560
2237,2020-12-19,Namur,83,34591,54,33002,0,0,1589
2238,2020-12-20,Namur,19,34610,18,33020,0,0,1590
2239,2020-12-21,Namur,139,34749,137,33157,0,0,1592
2240,2020-12-22,Namur,152,34901,129,33286,0,0,1615
2241,2020-12-23,Namur,100,35001,120,33406,0,0,1595
2242,2020-12-24,Namur,97,35098,118,33524,0,0,1574
2243,2020-12-25,Namur,8,35106,135,33659,0,0,1447
2244,2020-12-26,Namur,50,35156,84,33743,0,0,1413
2245,2020-12-27,Namur,23,35179,28,33771,0,0,1408
2246,2020-12-28,Namur,100,35279,168,33939,0,0,1340
2247,2020-12-29,Namur,105,35384,156,34095,0,0,1289
2248,2020-12-30,Namur,66,35450,164,34259,0,0,1191
2249,2020-12-31,Namur,73,35523,110,34369,0,0,1154
2250,2021-01-01,Namur,12,35535,139,34508,0,0,1027
2251,2021-01-02,Namur,47,35582,83,34591,0,0,991
2252,2021-01-03,Namur,23,35605,19,34610,0,0,995
2253,2021-01-04,Namur,109,35714,139,34749,0,0,965
2254,2021-01-05,Namur,130,35844,152,34901,0,0,943
2255,2021-01-06,Namur,107,35951,100,35001,0,0,950
2256,2021-01-07,Namur,91,36042,97,35098,0,0,944
2257,2021-01-08,Namur,58,36100,8,35106,0,0,994
2258,2021-01-09,Namur,58,36158,50,35156,0,0,1002
2259,2021-01-10,Namur,12,36170,23,35179,0,0,991
2260,2021-01-11,Namur,107,36277,100,35279,0,0,998
2261,2021-01-12,Namur,69,36346,105,35384,0,0,962
2262,2021-01-13,Namur,67,36413,66,35450,0,0,963
2263,2021-01-14,Namur,69,36482,73,35523,0,0,959
2264,2021-01-15,Namur,65,36547,12,35535,0,0,1012
2265,2021-01-16,Namur,66,36613,47,35582,0,0,1031
2266,2021-01-17,Namur,17,36630,23,35605,0,0,1025
2267,2021-01-18,Namur,82,36712,109,35714,0,0,998
2268,2021-01-19,Namur,72,36784,130,35844,0,0,940
2269,2021-01-20,Namur,76,36860,107,35951,0,0,909
2270,2021-01-21,Namur,79,36939,91,36042,0,0,897
2271,2021-01-22,Namur,91,37030,58,36100,0,0,930
2272,2021-01-23,Namur,50,37080,58,36158,0,0,922
2273,2021-01-24,Namur,20,37100,12,36170,0,0,930
2274,2021-01-25,Namur,88,37188,107,36277,0,0,911
2275,2021-01-26,Namur,111,37299,69,36346,0,0,953
2276,2021-01-27,Namur,77,37376,67,36413,0,0,963
2277,2021-01-28,Namur,90,37466,69,36482,0,0,984
2278,2021-01-29,Namur,104,37570,65,36547,0,0,1023
2279,2021-01-30,Namur,82,37652,66,36613,0,0,1039
2280,2021-01-31,Namur,22,37674,17,36630,0,0,1044
2281,2021-02-01,Namur,108,37782,82,36712,0,0,1070
2282,2021-02-02,Namur,124,37906,72,36784,0,0,1122
2283,2021-02-03,Namur,118,38024,76,36860,0,0,1164
2284,2021-02-04,Namur,121,38145,79,36939,0,0,1206
2285,2021-02-05,Namur,148,38293,91,37030,0,0,1263
2286,2021-02-06,Namur,60,38353,50,37080,0,0,1273
2287,2021-02-07,Namur,20,38373,20,37100,0,0,1273
2288,2021-02-08,Namur,113,38486,88,37188,0,0,1298
2289,2021-02-09,Namur,68,38554,111,37299,0,0,1255
2290,2021-02-10,Namur,90,38644,77,37376,0,0,1268
2291,2021-02-11,Namur,99,38743,90,37466,0,0,1277
2292,2021-02-12,Namur,98,38841,104,37570,0,0,1271
2293,2021-02-13,Namur,66,38907,82,37652,0,0,1255
2294,2021-02-14,Namur,10,38917,22,37674,0,0,1243
2295,2021-02-15,Namur,134,39051,108,37782,0,0,1269
2296,2021-02-16,Namur,91,39142,124,37906,0,0,1236
2297,2021-02-17,Namur,117,39259,118,38024,0,0,1235
2298,2021-02-18,Namur,154,39413,121,38145,0,0,1268
2299,2021-02-19,Namur,155,39568,148,38293,0,0,1275
2300,2021-02-20,Namur,79,39647,60,38353,0,0,1294
2301,2021-02-21,Namur,33,39680,20,38373,0,0,1307
2302,2021-02-22,Namur,163,39843,113,38486,0,0,1357
2303,2021-02-23,Namur,135,39978,68,38554,0,0,1424
2304,2021-02-24,Namur,127,40105,90,38644,0,0,1461
2305,2021-02-25,Namur,140,40245,99,38743,0,0,1502
2306,2021-02-26,Namur,145,40390,98,38841,0,0,1549
2307,2021-02-27,Namur,71,40461,66,38907,0,0,1554
2308,2021-02-28,Namur,22,40483,10,38917,0,0,1566
2309,2021-03-01,Namur,149,40632,134,39051,0,0,1581
2310,2021-03-02,Namur,172,40804,91,39142,0,0,1662
2311,2021-03-03,Namur,178,40982,117,39259,0,0,1723
2312,2021-03-04,Namur,161,41143,154,39413,0,0,1730
2313,2021-03-05,Namur,215,41358,155,39568,0,0,1790
2314,2021-03-06,Namur,113,41471,79,39647,0,0,1824
2315,2021-03-07,Namur,40,41511,33,39680,0,0,1831
2316,2021-03-08,Namur,226,41737,163,39843,0,0,1894
2317,2021-03-09,Namur,210,41947,135,39978,0,0,1969
2318,2021-03-10,Namur,224,42171,127,40105,0,0,2066
2319,2021-03-11,Namur,222,42393,140,40245,0,0,2148
2320,2021-03-12,Namur,266,42659,145,40390,0,0,2269
2321,2021-03-13,Namur,150,42809,71,40461,0,0,2348
2322,2021-03-14,Namur,51,42860,22,40483,0,0,2377
2323,2021-03-15,Namur,365,43225,149,40632,0,0,2593
2324,2021-03-16,Namur,307,43532,172,40804,0,0,2728
2325,2021-03-17,Namur,313,43845,178,40982,0,0,2863
2326,2021-03-18,Namur,417,44262,161,41143,0,0,3119
2327,2021-03-19,Namur,421,44683,215,41358,0,0,3325
2328,2021-03-20,Namur,308,44991,113,41471,0,0,3520
2329,2021-03-21,Namur,97,45088,40,41511,0,0,3577
2330,2021-03-22,Namur,406,45494,226,41737,0,0,3757
2331,2021-03-23,Namur,558,46052,210,41947,0,0,4105
2332,2021-03-24,Namur,383,46435,224,42171,0,0,4264
2333,2021-03-25,Namur,535,46970,222,42393,0,0,4577
2334,2021-03-26,Namur,445,47415,266,42659,0,0,4756
2335,2021-03-27,Namur,248,47663,150,42809,0,0,4854
2336,2021-03-28,Namur,122,47785,51,42860,0,0,4925
2337,2021-03-29,Namur,436,48221,365,43225,0,0,4996
2338,2021-03-30,Namur,456,48677,307,43532,0,0,5145
2339,2021-03-31,Namur,358,49035,313,43845,0,0,5190
2340,2021-04-01,Namur,375,49410,417,44262,0,0,5148
2341,2021-04-02,Namur,368,49778,421,44683,0,0,5095
2342,2021-04-03,Namur,220,49998,308,44991,0,0,5007
2343,2021-04-04,Namur,123,50121,97,45088,0,0,5033
2344,2021-04-05,Namur,66,50187,406,45494,0,0,4693
2345,2021-04-06,Namur,436,50623,558,46052,0,0,4571
2346,2021-04-07,Namur,352,50975,383,46435,0,0,4540
2347,2021-04-08,Namur,281,51256,535,46970,0,0,4286
2348,2021-04-09,Namur,296,51552,445,47415,0,0,4137
2349,2021-04-10,Namur,200,51752,248,47663,0,0,4089
2350,2021-04-11,Namur,64,51816,122,47785,0,0,4031
2351,2021-04-12,Namur,277,52093,436,48221,0,0,3872
2352,2021-04-13,Namur,283,52376,456,48677,0,0,3699
2353,2021-04-14,Namur,239,52615,358,49035,0,0,3580
2354,2021-04-15,Namur,260,52875,375,49410,0,0,3465
2355,2021-04-16,Namur,233,53108,368,49778,0,0,3330
2356,2021-04-17,Namur,151,53259,220,49998,0,0,3261
2357,2021-04-18,Namur,81,53340,123,50121,0,0,3219
2358,2021-04-19,Namur,297,53637,66,50187,0,0,3450
2359,2021-04-20,Namur,239,53876,436,50623,0,0,3253
2360,2021-04-21,Namur,233,54109,352,50975,0,0,3134
2361,2021-04-22,Namur,274,54383,281,51256,0,0,3127
2362,2021-04-23,Namur,235,54618,296,51552,0,0,3066
2363,2021-04-24,Namur,137,54755,200,51752,0,0,3003
2364,2021-04-25,Namur,68,54823,64,51816,0,0,3007
2365,2021-04-26,Namur,249,55072,277,52093,0,0,2979
2366,2021-04-27,Namur,232,55304,283,52376,0,0,2928
2367,2021-04-28,Namur,210,55514,239,52615,0,0,2899
2368,2021-04-29,Namur,202,55716,260,52875,0,0,2841
2369,2021-04-30,Namur,214,55930,233,53108,0,0,2822
2370,2021-05-01,Namur,93,56023,151,53259,0,0,2764
2371,2021-05-02,Namur,48,56071,81,53340,0,0,2731
2372,2021-05-03,Namur,217,56288,297,53637,0,0,2651
2373,2021-05-04,Namur,219,56507,239,53876,0,0,2631
2374,2021-05-05,Namur,228,56735,233,54109,0,0,2626
2375,2021-05-06,Namur,211,56946,274,54383,0,0,2563
2376,2021-05-07,Namur,184,57130,235,54618,0,0,2512
2377,2021-05-08,Namur,82,57212,137,54755,0,0,2457
2378,2021-05-09,Namur,42,57254,68,54823,0,0,2431
2379,2021-05-10,Namur,169,57423,249,55072,0,0,2351
2380,2021-05-11,Namur,164,57587,232,55304,0,0,2283
2381,2021-05-12,Namur,138,57725,210,55514,0,0,2211
2382,2021-05-13,Namur,40,57765,202,55716,0,0,2049
2383,2021-05-14,Namur,157,57922,214,55930,0,0,1992
2384,2021-05-15,Namur,49,57971,93,56023,0,0,1948
2385,2021-05-16,Namur,22,57993,48,56071,0,0,1922
2386,2021-05-17,Namur,160,58153,217,56288,0,0,1865
2387,2021-05-18,Namur,140,58293,219,56507,0,0,1786
2388,2021-05-19,Namur,136,58429,228,56735,0,0,1694
2389,2021-05-20,Namur,98,58527,211,56946,0,0,1581
2390,2021-05-21,Namur,99,58626,184,57130,0,0,1496
2391,2021-05-22,Namur,62,58688,82,57212,0,0,1476
2392,2021-05-23,Namur,46,58734,42,57254,0,0,1480
2393,2021-05-24,Namur,23,58757,169,57423,0,0,1334
2394,2021-05-25,Namur,104,58861,164,57587,0,0,1274
2395,2021-05-26,Namur,78,58939,138,57725,0,0,1214
2396,2021-05-27,Namur,88,59027,40,57765,0,0,1262
2397,2021-05-28,Namur,73,59100,157,57922,0,0,1178
2398,2021-05-29,Namur,44,59144,49,57971,0,0,1173
2399,2021-05-30,Namur,15,59159,22,57993,0,0,1166
2400,2021-05-31,Namur,83,59242,160,58153,0,0,1089
2401,2021-06-01,Namur,65,59307,140,58293,0,0,1014
2402,2021-06-02,Namur,66,59373,136,58429,0,0,944
2403,2021-06-03,Namur,39,59412,98,58527,0,0,885
2404,2021-06-04,Namur,35,59447,99,58626,0,0,821
2405,2021-06-05,Namur,15,59462,62,58688,0,0,774
2406,2021-06-06,Namur,11,59473,46,58734,0,0,739
2407,2021-06-07,Namur,32,59505,23,58757,0,0,748
2408,2021-06-08,Namur,39,59544,104,58861,0,0,683
2409,2021-06-09,Namur,25,59569,78,58939,0,0,630
2410,2021-06-10,Namur,22,59591,0,58939,0,0,652
2411,2021-06-11,Namur,26,59617,0,58939,0,0,678
2412,2021-06-12,Namur,12,59629,0,58939,0,0,690
2413,2021-06-13,Namur,1,59630,0,58939,0,0,691
2414,2021-06-14,Namur,18,59648,0,58939,0,0,709
2415,2021-06-15,Namur,12,59660,0,58939,0,0,721
2416,2021-06-16,Namur,15,59675,0,58939,0,0,736
2417,2021-06-17,Namur,18,59693,0,58939,0,0,754
2418,2021-06-18,Namur,13,59706,0,58939,0,0,767
2419,2021-06-19,Namur,3,59709,0,58939,0,0,770
2420,2021-06-20,Namur,4,59713,0,58939,0,0,774
2421,2021-06-21,Namur,6,59719,0,58939,0,0,780
2422,2021-06-22,Namur,6,59725,0,58939,0,0,786
2423,2021-06-23,Namur,10,59735,0,58939,0,0,796
2424,2021-06-24,Namur,10,59745,0,58939,0,0,806
2425,2021-06-25,Namur,11,59756,0,58939,0,0,817
2426,2021-06-26,Namur,4,59760,0,58939,0,0,821
2427,2021-06-27,Namur,1,59761,0,58939,0,0,822
2428,2021-06-28,Namur,0,59761,0,58939,0,0,822
2429,2021-06-29,Namur,0,59761,0,58939,0,0,822
2430,2020-03-01,Luxembourg,0,0,0,0,0,0,0
2431,2020-03-02,Luxembourg,0,0,0,0,0,0,0
2432,2020-03-03,Luxembourg,0,0,0,0,0,0,0
2433,2020-03-04,Luxembourg,0,0,0,0,0,0,0
2434,2020-03-05,Luxembourg,0,0,0,0,0,0,0
2435,2020-03-06,Luxembourg,1,1,0,0,0,0,1
2436,2020-03-07,Luxembourg,0,1,0,0,0,0,1
2437,2020-03-08,Luxembourg,1,2,0,0,0,0,2
2438,2020-03-09,Luxembourg,0,2,0,0,0,0,2
2439,2020-03-10,Luxembourg,2,4,0,0,0,0,4
2440,2020-03-11,Luxembourg,2,6,0,0,0,0,6
2441,2020-03-12,Luxembourg,3,9,0,0,0,0,9
2442,2020-03-13,Luxembourg,7,16,0,0,0,0,16
2443,2020-03-14,Luxembourg,1,17,0,0,0,0,17
2444,2020-03-15,Luxembourg,1,18,0,0,0,0,18
2445,2020-03-16,Luxembourg,5,23,0,0,0,0,23
2446,2020-03-17,Luxembourg,3,26,0,0,0,0,26
2447,2020-03-18,Luxembourg,15,41,0,0,0,0,41
2448,2020-03-19,Luxembourg,46,87,0,0,0,0,87
2449,2020-03-20,Luxembourg,3,90,1,1,0,0,89
2450,2020-03-21,Luxembourg,8,98,0,1,0,0,97
2451,2020-03-22,Luxembourg,12,110,1,2,0,0,108
2452,2020-03-23,Luxembourg,44,154,0,2,0,0,152
2453,2020-03-24,Luxembourg,23,177,2,4,0,0,173
2454,2020-03-25,Luxembourg,17,194,2,6,0,0,188
2455,2020-03-26,Luxembourg,45,239,3,9,0,0,230
2456,2020-03-27,Luxembourg,34,273,7,16,0,0,257
2457,2020-03-28,Luxembourg,26,299,1,17,0,0,282
2458,2020-03-29,Luxembourg,14,313,1,18,0,0,295
2459,2020-03-30,Luxembourg,56,369,5,23,0,0,346
2460,2020-03-31,Luxembourg,89,458,3,26,0,0,432
2461,2020-04-01,Luxembourg,99,557,15,41,0,0,516
2462,2020-04-02,Luxembourg,62,619,46,87,0,0,532
2463,2020-04-03,Luxembourg,57,676,3,90,0,0,586
2464,2020-04-04,Luxembourg,14,690,8,98,0,0,592
2465,2020-04-05,Luxembourg,12,702,12,110,0,0,592
2466,2020-04-06,Luxembourg,51,753,44,154,0,0,599
2467,2020-04-07,Luxembourg,48,801,23,177,0,0,624
2468,2020-04-08,Luxembourg,37,838,17,194,0,0,644
2469,2020-04-09,Luxembourg,39,877,45,239,0,0,638
2470,2020-04-10,Luxembourg,25,902,34,273,0,0,629
2471,2020-04-11,Luxembourg,17,919,26,299,0,0,620
2472,2020-04-12,Luxembourg,5,924,14,313,0,0,611
2473,2020-04-13,Luxembourg,4,928,56,369,0,0,559
2474,2020-04-14,Luxembourg,58,986,89,458,0,0,528
2475,2020-04-15,Luxembourg,38,1024,99,557,0,0,467
2476,2020-04-16,Luxembourg,102,1126,62,619,0,0,507
2477,2020-04-17,Luxembourg,23,1149,57,676,0,0,473
2478,2020-04-18,Luxembourg,6,1155,14,690,0,0,465
2479,2020-04-19,Luxembourg,8,1163,12,702,0,0,461
2480,2020-04-20,Luxembourg,11,1174,51,753,0,0,421
2481,2020-04-21,Luxembourg,25,1199,48,801,0,0,398
2482,2020-04-22,Luxembourg,15,1214,37,838,0,0,376
2483,2020-04-23,Luxembourg,16,1230,39,877,0,0,353
2484,2020-04-24,Luxembourg,7,1237,25,902,0,0,335
2485,2020-04-25,Luxembourg,4,1241,17,919,0,0,322
2486,2020-04-26,Luxembourg,2,1243,5,924,0,0,319
2487,2020-04-27,Luxembourg,12,1255,4,928,0,0,327
2488,2020-04-28,Luxembourg,5,1260,58,986,0,0,274
2489,2020-04-29,Luxembourg,10,1270,38,1024,0,0,246
2490,2020-04-30,Luxembourg,2,1272,102,1126,0,0,146
2491,2020-05-01,Luxembourg,9,1281,23,1149,0,0,132
2492,2020-05-02,Luxembourg,4,1285,6,1155,0,0,130
2493,2020-05-03,Luxembourg,0,1285,8,1163,0,0,122
2494,2020-05-04,Luxembourg,7,1292,11,1174,0,0,118
2495,2020-05-05,Luxembourg,5,1297,25,1199,0,0,98
2496,2020-05-06,Luxembourg,8,1305,15,1214,0,0,91
2497,2020-05-07,Luxembourg,8,1313,16,1230,0,0,83
2498,2020-05-08,Luxembourg,13,1326,7,1237,0,0,89
2499,2020-05-09,Luxembourg,4,1330,4,1241,0,0,89
2500,2020-05-10,Luxembourg,0,1330,2,1243,0,0,87
2501,2020-05-11,Luxembourg,7,1337,12,1255,0,0,82
2502,2020-05-12,Luxembourg,6,1343,5,1260,0,0,83
2503,2020-05-13,Luxembourg,5,1348,10,1270,0,0,78
2504,2020-05-14,Luxembourg,4,1352,2,1272,0,0,80
2505,2020-05-15,Luxembourg,3,1355,9,1281,0,0,74
2506,2020-05-16,Luxembourg,2,1357,4,1285,0,0,72
2507,2020-05-17,Luxembourg,0,1357,0,1285,0,0,72
2508,2020-05-18,Luxembourg,3,1360,7,1292,0,0,68
2509,2020-05-19,Luxembourg,6,1366,5,1297,0,0,69
2510,2020-05-20,Luxembourg,6,1372,8,1305,0,0,67
2511,2020-05-21,Luxembourg,0,1372,8,1313,0,0,59
2512,2020-05-22,Luxembourg,1,1373,13,1326,0,0,47
2513,2020-05-23,Luxembourg,0,1373,4,1330,0,0,43
2514,2020-05-24,Luxembourg,1,1374,0,1330,0,0,44
2515,2020-05-25,Luxembourg,0,1374,7,1337,0,0,37
2516,2020-05-26,Luxembourg,8,1382,6,1343,0,0,39
2517,2020-05-27,Luxembourg,1,1383,5,1348,0,0,35
2518,2020-05-28,Luxembourg,2,1385,4,1352,0,0,33
2519,2020-05-29,Luxembourg,7,1392,3,1355,0,0,37
2520,2020-05-30,Luxembourg,1,1393,2,1357,0,0,36
2521,2020-05-31,Luxembourg,3,1396,0,1357,0,0,39
2522,2020-06-01,Luxembourg,1,1397,3,1360,0,0,37
2523,2020-06-02,Luxembourg,5,1402,6,1366,0,0,36
2524,2020-06-03,Luxembourg,1,1403,6,1372,0,0,31
2525,2020-06-04,Luxembourg,1,1404,0,1372,0,0,32
2526,2020-06-05,Luxembourg,2,1406,1,1373,0,0,33
2527,2020-06-06,Luxembourg,1,1407,0,1373,0,0,34
2528,2020-06-07,Luxembourg,0,1407,1,1374,0,0,33
2529,2020-06-08,Luxembourg,3,1410,0,1374,0,0,36
2530,2020-06-09,Luxembourg,8,1418,8,1382,0,0,36
2531,2020-06-10,Luxembourg,1,1419,1,1383,0,0,36
2532,2020-06-11,Luxembourg,1,1420,2,1385,0,0,35
2533,2020-06-12,Luxembourg,1,1421,7,1392,0,0,29
2534,2020-06-13,Luxembourg,2,1423,1,1393,0,0,30
2535,2020-06-14,Luxembourg,0,1423,3,1396,0,0,27
2536,2020-06-15,Luxembourg,2,1425,1,1397,0,0,28
2537,2020-06-16,Luxembourg,2,1427,5,1402,0,0,25
2538,2020-06-17,Luxembourg,0,1427,1,1403,0,0,24
2539,2020-06-18,Luxembourg,3,1430,1,1404,0,0,26
2540,2020-06-19,Luxembourg,5,1435,2,1406,0,0,29
2541,2020-06-20,Luxembourg,3,1438,1,1407,0,0,31
2542,2020-06-21,Luxembourg,2,1440,0,1407,0,0,33
2543,2020-06-22,Luxembourg,6,1446,3,1410,0,0,36
2544,2020-06-23,Luxembourg,5,1451,8,1418,0,0,33
2545,2020-06-24,Luxembourg,3,1454,1,1419,0,0,35
2546,2020-06-25,Luxembourg,3,1457,1,1420,0,0,37
2547,2020-06-26,Luxembourg,0,1457,1,1421,0,0,36
2548,2020-06-27,Luxembourg,2,1459,2,1423,0,0,36
2549,2020-06-28,Luxembourg,1,1460,0,1423,0,0,37
2550,2020-06-29,Luxembourg,3,1463,2,1425,0,0,38
2551,2020-06-30,Luxembourg,2,1465,2,1427,0,0,38
2552,2020-07-01,Luxembourg,1,1466,0,1427,0,0,39
2553,2020-07-02,Luxembourg,2,1468,3,1430,0,0,38
2554,2020-07-03,Luxembourg,0,1468,5,1435,0,0,33
2555,2020-07-04,Luxembourg,3,1471,3,1438,0,0,33
2556,2020-07-05,Luxembourg,1,1472,2,1440,0,0,32
2557,2020-07-06,Luxembourg,3,1475,6,1446,0,0,29
2558,2020-07-07,Luxembourg,6,1481,5,1451,0,0,30
2559,2020-07-08,Luxembourg,3,1484,3,1454,0,0,30
2560,2020-07-09,Luxembourg,3,1487,3,1457,0,0,30
2561,2020-07-10,Luxembourg,6,1493,0,1457,0,0,36
2562,2020-07-11,Luxembourg,1,1494,2,1459,0,0,35
2563,2020-07-12,Luxembourg,1,1495,1,1460,0,0,35
2564,2020-07-13,Luxembourg,2,1497,3,1463,0,0,34
2565,2020-07-14,Luxembourg,5,1502,2,1465,0,0,37
2566,2020-07-15,Luxembourg,20,1522,1,1466,0,0,56
2567,2020-07-16,Luxembourg,10,1532,2,1468,0,0,64
2568,2020-07-17,Luxembourg,12,1544,0,1468,0,0,76
2569,2020-07-18,Luxembourg,4,1548,3,1471,0,0,77
2570,2020-07-19,Luxembourg,1,1549,1,1472,0,0,77
2571,2020-07-20,Luxembourg,8,1557,3,1475,0,0,82
2572,2020-07-21,Luxembourg,2,1559,6,1481,0,0,78
2573,2020-07-22,Luxembourg,5,1564,3,1484,0,0,80
2574,2020-07-23,Luxembourg,4,1568,3,1487,0,0,81
2575,2020-07-24,Luxembourg,7,1575,6,1493,0,0,82
2576,2020-07-25,Luxembourg,6,1581,1,1494,0,0,87
2577,2020-07-26,Luxembourg,1,1582,1,1495,0,0,87
2578,2020-07-27,Luxembourg,2,1584,2,1497,0,0,87
2579,2020-07-28,Luxembourg,14,1598,5,1502,0,0,96
2580,2020-07-29,Luxembourg,9,1607,20,1522,0,0,85
2581,2020-07-30,Luxembourg,9,1616,10,1532,0,0,84
2582,2020-07-31,Luxembourg,13,1629,12,1544,0,0,85
2583,2020-08-01,Luxembourg,4,1633,4,1548,0,0,85
2584,2020-08-02,Luxembourg,3,1636,1,1549,0,0,87
2585,2020-08-03,Luxembourg,7,1643,8,1557,0,0,86
2586,2020-08-04,Luxembourg,9,1652,2,1559,0,0,93
2587,2020-08-05,Luxembourg,8,1660,5,1564,0,0,96
2588,2020-08-06,Luxembourg,8,1668,4,1568,0,0,100
2589,2020-08-07,Luxembourg,8,1676,7,1575,0,0,101
2590,2020-08-08,Luxembourg,12,1688,6,1581,0,0,107
2591,2020-08-09,Luxembourg,5,1693,1,1582,0,0,111
2592,2020-08-10,Luxembourg,7,1700,2,1584,0,0,116
2593,2020-08-11,Luxembourg,23,1723,14,1598,0,0,125
2594,2020-08-12,Luxembourg,9,1732,9,1607,0,0,125
2595,2020-08-13,Luxembourg,8,1740,9,1616,0,0,124
2596,2020-08-14,Luxembourg,5,1745,13,1629,0,0,116
2597,2020-08-15,Luxembourg,0,1745,4,1633,0,0,112
2598,2020-08-16,Luxembourg,1,1746,3,1636,0,0,110
2599,2020-08-17,Luxembourg,9,1755,7,1643,0,0,112
2600,2020-08-18,Luxembourg,13,1768,9,1652,0,0,116
2601,2020-08-19,Luxembourg,11,1779,8,1660,0,0,119
2602,2020-08-20,Luxembourg,9,1788,8,1668,0,0,120
2603,2020-08-21,Luxembourg,4,1792,8,1676,0,0,116
2604,2020-08-22,Luxembourg,5,1797,12,1688,0,0,109
2605,2020-08-23,Luxembourg,0,1797,5,1693,0,0,104
2606,2020-08-24,Luxembourg,2,1799,7,1700,0,0,99
2607,2020-08-25,Luxembourg,8,1807,23,1723,0,0,84
2608,2020-08-26,Luxembourg,2,1809,9,1732,0,0,77
2609,2020-08-27,Luxembourg,9,1818,8,1740,0,0,78
2610,2020-08-28,Luxembourg,19,1837,5,1745,0,0,92
2611,2020-08-29,Luxembourg,3,1840,0,1745,0,0,95
2612,2020-08-30,Luxembourg,2,1842,1,1746,0,0,96
2613,2020-08-31,Luxembourg,3,1845,9,1755,0,0,90
2614,2020-09-01,Luxembourg,11,1856,13,1768,0,0,88
2615,2020-09-02,Luxembourg,4,1860,11,1779,0,0,81
2616,2020-09-03,Luxembourg,8,1868,9,1788,0,0,80
2617,2020-09-04,Luxembourg,12,1880,4,1792,0,0,88
2618,2020-09-05,Luxembourg,6,1886,5,1797,0,0,89
2619,2020-09-06,Luxembourg,3,1889,0,1797,0,0,92
2620,2020-09-07,Luxembourg,9,1898,2,1799,0,0,99
2621,2020-09-08,Luxembourg,14,1912,8,1807,0,0,105
2622,2020-09-09,Luxembourg,14,1926,2,1809,0,0,117
2623,2020-09-10,Luxembourg,19,1945,9,1818,0,0,127
2624,2020-09-11,Luxembourg,20,1965,19,1837,0,0,128
2625,2020-09-12,Luxembourg,13,1978,3,1840,0,0,138
2626,2020-09-13,Luxembourg,3,1981,2,1842,0,0,139
2627,2020-09-14,Luxembourg,32,2013,3,1845,0,0,168
2628,2020-09-15,Luxembourg,23,2036,11,1856,0,0,180
2629,2020-09-16,Luxembourg,31,2067,4,1860,0,0,207
2630,2020-09-17,Luxembourg,27,2094,8,1868,0,0,226
2631,2020-09-18,Luxembourg,31,2125,12,1880,0,0,245
2632,2020-09-19,Luxembourg,24,2149,6,1886,0,0,263
2633,2020-09-20,Luxembourg,1,2150,3,1889,0,0,261
2634,2020-09-21,Luxembourg,25,2175,9,1898,0,0,277
2635,2020-09-22,Luxembourg,43,2218,14,1912,0,0,306
2636,2020-09-23,Luxembourg,68,2286,14,1926,0,0,360
2637,2020-09-24,Luxembourg,19,2305,19,1945,0,0,360
2638,2020-09-25,Luxembourg,25,2330,20,1965,0,0,365
2639,2020-09-26,Luxembourg,22,2352,13,1978,0,0,374
2640,2020-09-27,Luxembourg,19,2371,3,1981,0,0,390
2641,2020-09-28,Luxembourg,73,2444,32,2013,0,0,431
2642,2020-09-29,Luxembourg,59,2503,23,2036,0,0,467
2643,2020-09-30,Luxembourg,76,2579,31,2067,0,0,512
2644,2020-10-01,Luxembourg,86,2665,27,2094,0,0,571
2645,2020-10-02,Luxembourg,108,2773,31,2125,0,0,648
2646,2020-10-03,Luxembourg,50,2823,24,2149,0,0,674
2647,2020-10-04,Luxembourg,23,2846,1,2150,0,0,696
2648,2020-10-05,Luxembourg,163,3009,25,2175,0,0,834
2649,2020-10-06,Luxembourg,193,3202,43,2218,0,0,984
2650,2020-10-07,Luxembourg,210,3412,68,2286,0,0,1126
2651,2020-10-08,Luxembourg,283,3695,19,2305,0,0,1390
2652,2020-10-09,Luxembourg,263,3958,25,2330,0,0,1628
2653,2020-10-10,Luxembourg,92,4050,22,2352,0,0,1698
2654,2020-10-11,Luxembourg,103,4153,19,2371,0,0,1782
2655,2020-10-12,Luxembourg,296,4449,73,2444,0,0,2005
2656,2020-10-13,Luxembourg,308,4757,59,2503,0,0,2254
2657,2020-10-14,Luxembourg,348,5105,76,2579,0,0,2526
2658,2020-10-15,Luxembourg,310,5415,86,2665,0,0,2750
2659,2020-10-16,Luxembourg,377,5792,108,2773,0,0,3019
2660,2020-10-17,Luxembourg,160,5952,50,2823,0,0,3129
2661,2020-10-18,Luxembourg,123,6075,23,2846,0,0,3229
2662,2020-10-19,Luxembourg,443,6518,163,3009,0,0,3509
2663,2020-10-20,Luxembourg,514,7032,193,3202,0,0,3830
2664,2020-10-21,Luxembourg,562,7594,210,3412,0,0,4182
2665,2020-10-22,Luxembourg,488,8082,283,3695,0,0,4387
2666,2020-10-23,Luxembourg,568,8650,263,3958,0,0,4692
2667,2020-10-24,Luxembourg,318,8968,92,4050,0,0,4918
2668,2020-10-25,Luxembourg,129,9097,103,4153,0,0,4944
2669,2020-10-26,Luxembourg,618,9715,296,4449,0,0,5266
2670,2020-10-27,Luxembourg,650,10365,308,4757,0,0,5608
2671,2020-10-28,Luxembourg,504,10869,348,5105,0,0,5764
2672,2020-10-29,Luxembourg,506,11375,310,5415,0,0,5960
2673,2020-10-30,Luxembourg,511,11886,377,5792,0,0,6094
2674,2020-10-31,Luxembourg,149,12035,160,5952,0,0,6083
2675,2020-11-01,Luxembourg,97,12132,123,6075,0,0,6057
2676,2020-11-02,Luxembourg,416,12548,443,6518,0,0,6030
2677,2020-11-03,Luxembourg,407,12955,514,7032,0,0,5923
2678,2020-11-04,Luxembourg,290,13245,562,7594,0,0,5651
2679,2020-11-05,Luxembourg,188,13433,488,8082,0,0,5351
2680,2020-11-06,Luxembourg,267,13700,568,8650,0,0,5050
2681,2020-11-07,Luxembourg,105,13805,318,8968,0,0,4837
2682,2020-11-08,Luxembourg,48,13853,129,9097,0,0,4756
2683,2020-11-09,Luxembourg,272,14125,618,9715,0,0,4410
2684,2020-11-10,Luxembourg,287,14412,650,10365,0,0,4047
2685,2020-11-11,Luxembourg,56,14468,504,10869,0,0,3599
2686,2020-11-12,Luxembourg,253,14721,506,11375,0,0,3346
2687,2020-11-13,Luxembourg,142,14863,511,11886,0,0,2977
2688,2020-11-14,Luxembourg,111,14974,149,12035,0,0,2939
2689,2020-11-15,Luxembourg,32,15006,97,12132,0,0,2874
2690,2020-11-16,Luxembourg,189,15195,416,12548,0,0,2647
2691,2020-11-17,Luxembourg,172,15367,407,12955,0,0,2412
2692,2020-11-18,Luxembourg,85,15452,290,13245,0,0,2207
2693,2020-11-19,Luxembourg,114,15566,188,13433,0,0,2133
2694,2020-11-20,Luxembourg,76,15642,267,13700,0,0,1942
2695,2020-11-21,Luxembourg,45,15687,105,13805,0,0,1882
2696,2020-11-22,Luxembourg,23,15710,48,13853,0,0,1857
2697,2020-11-23,Luxembourg,114,15824,272,14125,0,0,1699
2698,2020-11-24,Luxembourg,116,15940,287,14412,0,0,1528
2699,2020-11-25,Luxembourg,76,16016,56,14468,0,0,1548
2700,2020-11-26,Luxembourg,72,16088,253,14721,0,0,1367
2701,2020-11-27,Luxembourg,110,16198,142,14863,0,0,1335
2702,2020-11-28,Luxembourg,51,16249,111,14974,0,0,1275
2703,2020-11-29,Luxembourg,30,16279,32,15006,0,0,1273
2704,2020-11-30,Luxembourg,122,16401,189,15195,0,0,1206
2705,2020-12-01,Luxembourg,103,16504,172,15367,0,0,1137
2706,2020-12-02,Luxembourg,103,16607,85,15452,0,0,1155
2707,2020-12-03,Luxembourg,104,16711,114,15566,0,0,1145
2708,2020-12-04,Luxembourg,80,16791,76,15642,0,0,1149
2709,2020-12-05,Luxembourg,37,16828,45,15687,0,0,1141
2710,2020-12-06,Luxembourg,25,16853,23,15710,0,0,1143
2711,2020-12-07,Luxembourg,98,16951,114,15824,0,0,1127
2712,2020-12-08,Luxembourg,101,17052,116,15940,0,0,1112
2713,2020-12-09,Luxembourg,111,17163,76,16016,0,0,1147
2714,2020-12-10,Luxembourg,74,17237,72,16088,0,0,1149
2715,2020-12-11,Luxembourg,85,17322,110,16198,0,0,1124
2716,2020-12-12,Luxembourg,22,17344,51,16249,0,0,1095
2717,2020-12-13,Luxembourg,18,17362,30,16279,0,0,1083
2718,2020-12-14,Luxembourg,116,17478,122,16401,0,0,1077
2719,2020-12-15,Luxembourg,100,17578,103,16504,0,0,1074
2720,2020-12-16,Luxembourg,95,17673,103,16607,0,0,1066
2721,2020-12-17,Luxembourg,89,17762,104,16711,0,0,1051
2722,2020-12-18,Luxembourg,63,17825,80,16791,0,0,1034
2723,2020-12-19,Luxembourg,16,17841,37,16828,0,0,1013
2724,2020-12-20,Luxembourg,18,17859,25,16853,0,0,1006
2725,2020-12-21,Luxembourg,76,17935,98,16951,0,0,984
2726,2020-12-22,Luxembourg,68,18003,101,17052,0,0,951
2727,2020-12-23,Luxembourg,86,18089,111,17163,0,0,926
2728,2020-12-24,Luxembourg,46,18135,74,17237,0,0,898
2729,2020-12-25,Luxembourg,20,18155,85,17322,0,0,833
2730,2020-12-26,Luxembourg,28,18183,22,17344,0,0,839
2731,2020-12-27,Luxembourg,22,18205,18,17362,0,0,843
2732,2020-12-28,Luxembourg,84,18289,116,17478,0,0,811
2733,2020-12-29,Luxembourg,61,18350,100,17578,0,0,772
2734,2020-12-30,Luxembourg,59,18409,95,17673,0,0,736
2735,2020-12-31,Luxembourg,58,18467,89,17762,0,0,705
2736,2021-01-01,Luxembourg,34,18501,63,17825,0,0,676
2737,2021-01-02,Luxembourg,19,18520,16,17841,0,0,679
2738,2021-01-03,Luxembourg,23,18543,18,17859,0,0,684
2739,2021-01-04,Luxembourg,65,18608,76,17935,0,0,673
2740,2021-01-05,Luxembourg,107,18715,68,18003,0,0,712
2741,2021-01-06,Luxembourg,80,18795,86,18089,0,0,706
2742,2021-01-07,Luxembourg,39,18834,46,18135,0,0,699
2743,2021-01-08,Luxembourg,46,18880,20,18155,0,0,725
2744,2021-01-09,Luxembourg,38,18918,28,18183,0,0,735
2745,2021-01-10,Luxembourg,17,18935,22,18205,0,0,730
2746,2021-01-11,Luxembourg,114,19049,84,18289,0,0,760
2747,2021-01-12,Luxembourg,54,19103,61,18350,0,0,753
2748,2021-01-13,Luxembourg,42,19145,59,18409,0,0,736
2749,2021-01-14,Luxembourg,41,19186,58,18467,0,0,719
2750,2021-01-15,Luxembourg,36,19222,34,18501,0,0,721
2751,2021-01-16,Luxembourg,20,19242,19,18520,0,0,722
2752,2021-01-17,Luxembourg,10,19252,23,18543,0,0,709
2753,2021-01-18,Luxembourg,82,19334,65,18608,0,0,726
2754,2021-01-19,Luxembourg,45,19379,107,18715,0,0,664
2755,2021-01-20,Luxembourg,45,19424,80,18795,0,0,629
2756,2021-01-21,Luxembourg,54,19478,39,18834,0,0,644
2757,2021-01-22,Luxembourg,55,19533,46,18880,0,0,653
2758,2021-01-23,Luxembourg,48,19581,38,18918,0,0,663
2759,2021-01-24,Luxembourg,34,19615,17,18935,0,0,680
2760,2021-01-25,Luxembourg,77,19692,114,19049,0,0,643
2761,2021-01-26,Luxembourg,66,19758,54,19103,0,0,655
2762,2021-01-27,Luxembourg,72,19830,42,19145,0,0,685
2763,2021-01-28,Luxembourg,79,19909,41,19186,0,0,723
2764,2021-01-29,Luxembourg,91,20000,36,19222,0,0,778
2765,2021-01-30,Luxembourg,62,20062,20,19242,0,0,820
2766,2021-01-31,Luxembourg,24,20086,10,19252,0,0,834
2767,2021-02-01,Luxembourg,83,20169,82,19334,0,0,835
2768,2021-02-02,Luxembourg,59,20228,45,19379,0,0,849
2769,2021-02-03,Luxembourg,60,20288,45,19424,0,0,864
2770,2021-02-04,Luxembourg,68,20356,54,19478,0,0,878
2771,2021-02-05,Luxembourg,70,20426,55,19533,0,0,893
2772,2021-02-06,Luxembourg,52,20478,48,19581,0,0,897
2773,2021-02-07,Luxembourg,25,20503,34,19615,0,0,888
2774,2021-02-08,Luxembourg,71,20574,77,19692,0,0,882
2775,2021-02-09,Luxembourg,65,20639,66,19758,0,0,881
2776,2021-02-10,Luxembourg,93,20732,72,19830,0,0,902
2777,2021-02-11,Luxembourg,60,20792,79,19909,0,0,883
2778,2021-02-12,Luxembourg,51,20843,91,20000,0,0,843
2779,2021-02-13,Luxembourg,53,20896,62,20062,0,0,834
2780,2021-02-14,Luxembourg,28,20924,24,20086,0,0,838
2781,2021-02-15,Luxembourg,69,20993,83,20169,0,0,824
2782,2021-02-16,Luxembourg,93,21086,59,20228,0,0,858
2783,2021-02-17,Luxembourg,77,21163,60,20288,0,0,875
2784,2021-02-18,Luxembourg,90,21253,68,20356,0,0,897
2785,2021-02-19,Luxembourg,114,21367,70,20426,0,0,941
2786,2021-02-20,Luxembourg,45,21412,52,20478,0,0,934
2787,2021-02-21,Luxembourg,35,21447,25,20503,0,0,944
2788,2021-02-22,Luxembourg,102,21549,71,20574,0,0,975
2789,2021-02-23,Luxembourg,100,21649,65,20639,0,0,1010
2790,2021-02-24,Luxembourg,79,21728,93,20732,0,0,996
2791,2021-02-25,Luxembourg,77,21805,60,20792,0,0,1013
2792,2021-02-26,Luxembourg,68,21873,51,20843,0,0,1030
2793,2021-02-27,Luxembourg,26,21899,53,20896,0,0,1003
2794,2021-02-28,Luxembourg,7,21906,28,20924,0,0,982
2795,2021-03-01,Luxembourg,70,21976,69,20993,0,0,983
2796,2021-03-02,Luxembourg,82,22058,93,21086,0,0,972
2797,2021-03-03,Luxembourg,61,22119,77,21163,0,0,956
2798,2021-03-04,Luxembourg,86,22205,90,21253,0,0,952
2799,2021-03-05,Luxembourg,70,22275,114,21367,0,0,908
2800,2021-03-06,Luxembourg,24,22299,45,21412,0,0,887
2801,2021-03-07,Luxembourg,17,22316,35,21447,0,0,869
2802,2021-03-08,Luxembourg,75,22391,102,21549,0,0,842
2803,2021-03-09,Luxembourg,90,22481,100,21649,0,0,832
2804,2021-03-10,Luxembourg,97,22578,79,21728,0,0,850
2805,2021-03-11,Luxembourg,103,22681,77,21805,0,0,876
2806,2021-03-12,Luxembourg,120,22801,68,21873,0,0,928
2807,2021-03-13,Luxembourg,56,22857,26,21899,0,0,958
2808,2021-03-14,Luxembourg,36,22893,7,21906,0,0,987
2809,2021-03-15,Luxembourg,136,23029,70,21976,0,0,1053
2810,2021-03-16,Luxembourg,138,23167,82,22058,0,0,1109
2811,2021-03-17,Luxembourg,176,23343,61,22119,0,0,1224
2812,2021-03-18,Luxembourg,128,23471,86,22205,0,0,1266
2813,2021-03-19,Luxembourg,160,23631,70,22275,0,0,1356
2814,2021-03-20,Luxembourg,82,23713,24,22299,0,0,1414
2815,2021-03-21,Luxembourg,53,23766,17,22316,0,0,1450
2816,2021-03-22,Luxembourg,208,23974,75,22391,0,0,1583
2817,2021-03-23,Luxembourg,195,24169,90,22481,0,0,1688
2818,2021-03-24,Luxembourg,159,24328,97,22578,0,0,1750
2819,2021-03-25,Luxembourg,198,24526,103,22681,0,0,1845
2820,2021-03-26,Luxembourg,204,24730,120,22801,0,0,1929
2821,2021-03-27,Luxembourg,107,24837,56,22857,0,0,1980
2822,2021-03-28,Luxembourg,74,24911,36,22893,0,0,2018
2823,2021-03-29,Luxembourg,171,25082,136,23029,0,0,2053
2824,2021-03-30,Luxembourg,225,25307,138,23167,0,0,2140
2825,2021-03-31,Luxembourg,178,25485,176,23343,0,0,2142
2826,2021-04-01,Luxembourg,186,25671,128,23471,0,0,2200
2827,2021-04-02,Luxembourg,252,25923,160,23631,0,0,2292
2828,2021-04-03,Luxembourg,103,26026,82,23713,0,0,2313
2829,2021-04-04,Luxembourg,106,26132,53,23766,0,0,2366
2830,2021-04-05,Luxembourg,54,26186,208,23974,0,0,2212
2831,2021-04-06,Luxembourg,162,26348,195,24169,0,0,2179
2832,2021-04-07,Luxembourg,194,26542,159,24328,0,0,2214
2833,2021-04-08,Luxembourg,197,26739,198,24526,0,0,2213
2834,2021-04-09,Luxembourg,188,26927,204,24730,0,0,2197
2835,2021-04-10,Luxembourg,99,27026,107,24837,0,0,2189
2836,2021-04-11,Luxembourg,60,27086,74,24911,0,0,2175
2837,2021-04-12,Luxembourg,155,27241,171,25082,0,0,2159
2838,2021-04-13,Luxembourg,159,27400,225,25307,0,0,2093
2839,2021-04-14,Luxembourg,134,27534,178,25485,0,0,2049
2840,2021-04-15,Luxembourg,126,27660,186,25671,0,0,1989
2841,2021-04-16,Luxembourg,121,27781,252,25923,0,0,1858
2842,2021-04-17,Luxembourg,75,27856,103,26026,0,0,1830
2843,2021-04-18,Luxembourg,40,27896,106,26132,0,0,1764
2844,2021-04-19,Luxembourg,164,28060,54,26186,0,0,1874
2845,2021-04-20,Luxembourg,107,28167,162,26348,0,0,1819
2846,2021-04-21,Luxembourg,99,28266,194,26542,0,0,1724
2847,2021-04-22,Luxembourg,126,28392,197,26739,0,0,1653
2848,2021-04-23,Luxembourg,121,28513,188,26927,0,0,1586
2849,2021-04-24,Luxembourg,53,28566,99,27026,0,0,1540
2850,2021-04-25,Luxembourg,52,28618,60,27086,0,0,1532
2851,2021-04-26,Luxembourg,118,28736,155,27241,0,0,1495
2852,2021-04-27,Luxembourg,110,28846,159,27400,0,0,1446
2853,2021-04-28,Luxembourg,65,28911,134,27534,0,0,1377
2854,2021-04-29,Luxembourg,81,28992,126,27660,0,0,1332
2855,2021-04-30,Luxembourg,110,29102,121,27781,0,0,1321
2856,2021-05-01,Luxembourg,21,29123,75,27856,0,0,1267
2857,2021-05-02,Luxembourg,20,29143,40,27896,0,0,1247
2858,2021-05-03,Luxembourg,94,29237,164,28060,0,0,1177
2859,2021-05-04,Luxembourg,92,29329,107,28167,0,0,1162
2860,2021-05-05,Luxembourg,108,29437,99,28266,0,0,1171
2861,2021-05-06,Luxembourg,102,29539,126,28392,0,0,1147
2862,2021-05-07,Luxembourg,86,29625,121,28513,0,0,1112
2863,2021-05-08,Luxembourg,58,29683,53,28566,0,0,1117
2864,2021-05-09,Luxembourg,31,29714,52,28618,0,0,1096
2865,2021-05-10,Luxembourg,100,29814,118,28736,0,0,1078
2866,2021-05-11,Luxembourg,75,29889,110,28846,0,0,1043
2867,2021-05-12,Luxembourg,85,29974,65,28911,0,0,1063
2868,2021-05-13,Luxembourg,26,30000,81,28992,0,0,1008
2869,2021-05-14,Luxembourg,78,30078,110,29102,0,0,976
2870,2021-05-15,Luxembourg,37,30115,21,29123,0,0,992
2871,2021-05-16,Luxembourg,37,30152,20,29143,0,0,1009
2872,2021-05-17,Luxembourg,88,30240,94,29237,0,0,1003
2873,2021-05-18,Luxembourg,104,30344,92,29329,0,0,1015
2874,2021-05-19,Luxembourg,87,30431,108,29437,0,0,994
2875,2021-05-20,Luxembourg,53,30484,102,29539,0,0,945
2876,2021-05-21,Luxembourg,72,30556,86,29625,0,0,931
2877,2021-05-22,Luxembourg,37,30593,58,29683,0,0,910
2878,2021-05-23,Luxembourg,29,30622,31,29714,0,0,908
2879,2021-05-24,Luxembourg,18,30640,100,29814,0,0,826
2880,2021-05-25,Luxembourg,72,30712,75,29889,0,0,823
2881,2021-05-26,Luxembourg,72,30784,85,29974,0,0,810
2882,2021-05-27,Luxembourg,59,30843,26,30000,0,0,843
2883,2021-05-28,Luxembourg,39,30882,78,30078,0,0,804
2884,2021-05-29,Luxembourg,25,30907,37,30115,0,0,792
2885,2021-05-30,Luxembourg,14,30921,37,30152,0,0,769
2886,2021-05-31,Luxembourg,41,30962,88,30240,0,0,722
2887,2021-06-01,Luxembourg,31,30993,104,30344,0,0,649
2888,2021-06-02,Luxembourg,22,31015,87,30431,0,0,584
2889,2021-06-03,Luxembourg,29,31044,53,30484,0,0,560
2890,2021-06-04,Luxembourg,26,31070,72,30556,0,0,514
2891,2021-06-05,Luxembourg,9,31079,37,30593,0,0,486
2892,2021-06-06,Luxembourg,7,31086,29,30622,0,0,464
2893,2021-06-07,Luxembourg,15,31101,0,30622,0,0,479
2894,2021-06-08,Luxembourg,12,31113,0,30622,0,0,491
2895,2021-06-09,Luxembourg,17,31130,0,30622,0,0,508
2896,2021-06-10,Luxembourg,11,31141,0,30622,0,0,519
2897,2021-06-11,Luxembourg,12,31153,0,30622,0,0,531
2898,2021-06-12,Luxembourg,7,31160,0,30622,0,0,538
2899,2021-06-13,Luxembourg,2,31162,0,30622,0,0,540
2900,2021-06-14,Luxembourg,6,31168,0,30622,0,0,546
2901,2021-06-15,Luxembourg,4,31172,0,30622,0,0,550
2902,2021-06-16,Luxembourg,4,31176,0,30622,0,0,554
2903,2021-06-17,Luxembourg,2,31178,0,30622,0,0,556
2904,2021-06-18,Luxembourg,2,31180,0,30622,0,0,558
2905,2021-06-19,Luxembourg,5,31185,0,30622,0,0,563
2906,2021-06-20,Luxembourg,3,31188,0,30622,0,0,566
2907,2021-06-21,Luxembourg,2,31190,0,30622,0,0,568
2908,2021-06-22,Luxembourg,3,31193,0,30622,0,0,571
2909,2021-06-23,Luxembourg,1,31194,0,30622,0,0,572
2910,2021-06-24,Luxembourg,8,31202,0,30622,0,0,580
2911,2021-06-25,Luxembourg,5,31207,0,30622,0,0,585
2912,2021-06-26,Luxembourg,1,31208,0,30622,0,0,586
2913,2021-06-27,Luxembourg,0,31208,0,30622,0,0,586
2914,2021-06-28,Luxembourg,0,31208,0,30622,0,0,586
2915,2021-06-29,Luxembourg,0,31208,0,30622,0,0,586
2916,2020-03-01,Limburg,1,1,0,0,0,0,1
2917,2020-03-02,Limburg,0,1,0,0,0,0,1
2918,2020-03-03,Limburg,3,4,0,0,0,0,4
2919,2020-03-04,Limburg,8,12,0,0,0,0,12
2920,2020-03-05,Limburg,8,20,0,0,0,0,20
2921,2020-03-06,Limburg,17,37,0,0,0,0,37
2922,2020-03-07,Limburg,3,40,0,0,0,0,40
2923,2020-03-08,Limburg,7,47,0,0,0,0,47
2924,2020-03-09,Limburg,6,53,0,0,0,0,53
2925,2020-03-10,Limburg,12,65,0,0,0,0,65
2926,2020-03-11,Limburg,22,87,0,0,0,0,87
2927,2020-03-12,Limburg,25,112,0,0,0,0,112
2928,2020-03-13,Limburg,30,142,0,0,0,0,142
2929,2020-03-14,Limburg,11,153,0,0,0,0,153
2930,2020-03-15,Limburg,37,190,1,1,0,0,189
2931,2020-03-16,Limburg,35,225,0,1,0,0,224
2932,2020-03-17,Limburg,66,291,3,4,0,0,287
2933,2020-03-18,Limburg,58,349,8,12,0,0,337
2934,2020-03-19,Limburg,97,446,8,20,0,0,426
2935,2020-03-20,Limburg,111,557,17,37,0,0,520
2936,2020-03-21,Limburg,62,619,3,40,0,0,579
2937,2020-03-22,Limburg,45,664,7,47,0,0,617
2938,2020-03-23,Limburg,145,809,6,53,0,0,756
2939,2020-03-24,Limburg,135,944,12,65,0,0,879
2940,2020-03-25,Limburg,125,1069,22,87,0,0,982
2941,2020-03-26,Limburg,179,1248,25,112,0,0,1136
2942,2020-03-27,Limburg,181,1429,30,142,0,0,1287
2943,2020-03-28,Limburg,96,1525,11,153,0,0,1372
2944,2020-03-29,Limburg,72,1597,37,190,0,0,1407
2945,2020-03-30,Limburg,231,1828,35,225,0,0,1603
2946,2020-03-31,Limburg,166,1994,66,291,0,0,1703
2947,2020-04-01,Limburg,170,2164,58,349,0,0,1815
2948,2020-04-02,Limburg,167,2331,97,446,0,0,1885
2949,2020-04-03,Limburg,257,2588,111,557,0,0,2031
2950,2020-04-04,Limburg,86,2674,62,619,0,0,2055
2951,2020-04-05,Limburg,47,2721,45,664,0,0,2057
2952,2020-04-06,Limburg,258,2979,145,809,0,0,2170
2953,2020-04-07,Limburg,221,3200,135,944,0,0,2256
2954,2020-04-08,Limburg,214,3414,125,1069,0,0,2345
2955,2020-04-09,Limburg,255,3669,179,1248,0,0,2421
2956,2020-04-10,Limburg,324,3993,181,1429,0,0,2564
2957,2020-04-11,Limburg,93,4086,96,1525,0,0,2561
2958,2020-04-12,Limburg,53,4139,72,1597,0,0,2542
2959,2020-04-13,Limburg,40,4179,231,1828,0,0,2351
2960,2020-04-14,Limburg,188,4367,166,1994,0,0,2373
2961,2020-04-15,Limburg,96,4463,170,2164,0,0,2299
2962,2020-04-16,Limburg,126,4589,167,2331,0,0,2258
2963,2020-04-17,Limburg,134,4723,257,2588,0,0,2135
2964,2020-04-18,Limburg,49,4772,86,2674,0,0,2098
2965,2020-04-19,Limburg,29,4801,47,2721,0,0,2080
2966,2020-04-20,Limburg,129,4930,258,2979,0,0,1951
2967,2020-04-21,Limburg,77,5007,221,3200,0,0,1807
2968,2020-04-22,Limburg,56,5063,214,3414,0,0,1649
2969,2020-04-23,Limburg,64,5127,255,3669,0,0,1458
2970,2020-04-24,Limburg,76,5203,324,3993,0,0,1210
2971,2020-04-25,Limburg,20,5223,93,4086,0,0,1137
2972,2020-04-26,Limburg,23,5246,53,4139,0,0,1107
2973,2020-04-27,Limburg,59,5305,40,4179,0,0,1126
2974,2020-04-28,Limburg,44,5349,188,4367,0,0,982
2975,2020-04-29,Limburg,59,5408,96,4463,0,0,945
2976,2020-04-30,Limburg,46,5454,126,4589,0,0,865
2977,2020-05-01,Limburg,24,5478,134,4723,0,0,755
2978,2020-05-02,Limburg,27,5505,49,4772,0,0,733
2979,2020-05-03,Limburg,7,5512,29,4801,0,0,711
2980,2020-05-04,Limburg,43,5555,129,4930,0,0,625
2981,2020-05-05,Limburg,36,5591,77,5007,0,0,584
2982,2020-05-06,Limburg,43,5634,56,5063,0,0,571
2983,2020-05-07,Limburg,39,5673,64,5127,0,0,546
2984,2020-05-08,Limburg,50,5723,76,5203,0,0,520
2985,2020-05-09,Limburg,15,5738,20,5223,0,0,515
2986,2020-05-10,Limburg,9,5747,23,5246,0,0,501
2987,2020-05-11,Limburg,54,5801,59,5305,0,0,496
2988,2020-05-12,Limburg,29,5830,44,5349,0,0,481
2989,2020-05-13,Limburg,31,5861,59,5408,0,0,453
2990,2020-05-14,Limburg,25,5886,46,5454,0,0,432
2991,2020-05-15,Limburg,33,5919,24,5478,0,0,441
2992,2020-05-16,Limburg,10,5929,27,5505,0,0,424
2993,2020-05-17,Limburg,9,5938,7,5512,0,0,426
2994,2020-05-18,Limburg,50,5988,43,5555,0,0,433
2995,2020-05-19,Limburg,45,6033,36,5591,0,0,442
2996,2020-05-20,Limburg,34,6067,43,5634,0,0,433
2997,2020-05-21,Limburg,8,6075,39,5673,0,0,402
2998,2020-05-22,Limburg,24,6099,50,5723,0,0,376
2999,2020-05-23,Limburg,11,6110,15,5738,0,0,372
3000,2020-05-24,Limburg,14,6124,9,5747,0,0,377
3001,2020-05-25,Limburg,29,6153,54,5801,0,0,352
3002,2020-05-26,Limburg,27,6180,29,5830,0,0,350
3003,2020-05-27,Limburg,24,6204,31,5861,0,0,343
3004,2020-05-28,Limburg,18,6222,25,5886,0,0,336
3005,2020-05-29,Limburg,15,6237,33,5919,0,0,318
3006,2020-05-30,Limburg,12,6249,10,5929,0,0,320
3007,2020-05-31,Limburg,7,6256,9,5938,0,0,318
3008,2020-06-01,Limburg,8,6264,50,5988,0,0,276
3009,2020-06-02,Limburg,23,6287,45,6033,0,0,254
3010,2020-06-03,Limburg,21,6308,34,6067,0,0,241
3011,2020-06-04,Limburg,21,6329,8,6075,0,0,254
3012,2020-06-05,Limburg,23,6352,24,6099,0,0,253
3013,2020-06-06,Limburg,18,6370,11,6110,0,0,260
3014,2020-06-07,Limburg,15,6385,14,6124,0,0,261
3015,2020-06-08,Limburg,17,6402,29,6153,0,0,249
3016,2020-06-09,Limburg,16,6418,27,6180,0,0,238
3017,2020-06-10,Limburg,12,6430,24,6204,0,0,226
3018,2020-06-11,Limburg,14,6444,18,6222,0,0,222
3019,2020-06-12,Limburg,7,6451,15,6237,0,0,214
3020,2020-06-13,Limburg,5,6456,12,6249,0,0,207
3021,2020-06-14,Limburg,2,6458,7,6256,0,0,202
3022,2020-06-15,Limburg,20,6478,8,6264,0,0,214
3023,2020-06-16,Limburg,15,6493,23,6287,0,0,206
3024,2020-06-17,Limburg,13,6506,21,6308,0,0,198
3025,2020-06-18,Limburg,5,6511,21,6329,0,0,182
3026,2020-06-19,Limburg,14,6525,23,6352,0,0,173
3027,2020-06-20,Limburg,4,6529,18,6370,0,0,159
3028,2020-06-21,Limburg,4,6533,15,6385,0,0,148
3029,2020-06-22,Limburg,8,6541,17,6402,0,0,139
3030,2020-06-23,Limburg,16,6557,16,6418,0,0,139
3031,2020-06-24,Limburg,16,6573,12,6430,0,0,143
3032,2020-06-25,Limburg,5,6578,14,6444,0,0,134
3033,2020-06-26,Limburg,10,6588,7,6451,0,0,137
3034,2020-06-27,Limburg,1,6589,5,6456,0,0,133
3035,2020-06-28,Limburg,0,6589,2,6458,0,0,131
3036,2020-06-29,Limburg,9,6598,20,6478,0,0,120
3037,2020-06-30,Limburg,6,6604,15,6493,0,0,111
3038,2020-07-01,Limburg,9,6613,13,6506,0,0,107
3039,2020-07-02,Limburg,6,6619,5,6511,0,0,108
3040,2020-07-03,Limburg,4,6623,14,6525,0,0,98
3041,2020-07-04,Limburg,7,6630,4,6529,0,0,101
3042,2020-07-05,Limburg,1,6631,4,6533,0,0,98
3043,2020-07-06,Limburg,7,6638,8,6541,0,0,97
3044,2020-07-07,Limburg,7,6645,16,6557,0,0,88
3045,2020-07-08,Limburg,22,6667,16,6573,0,0,94
3046,2020-07-09,Limburg,14,6681,5,6578,0,0,103
3047,2020-07-10,Limburg,10,6691,10,6588,0,0,103
3048,2020-07-11,Limburg,10,6701,1,6589,0,0,112
3049,2020-07-12,Limburg,4,6705,0,6589,0,0,116
3050,2020-07-13,Limburg,19,6724,9,6598,0,0,126
3051,2020-07-14,Limburg,12,6736,6,6604,0,0,132
3052,2020-07-15,Limburg,23,6759,9,6613,0,0,146
3053,2020-07-16,Limburg,11,6770,6,6619,0,0,151
3054,2020-07-17,Limburg,21,6791,4,6623,0,0,168
3055,2020-07-18,Limburg,5,6796,7,6630,0,0,166
3056,2020-07-19,Limburg,12,6808,1,6631,0,0,177
3057,2020-07-20,Limburg,22,6830,7,6638,0,0,192
3058,2020-07-21,Limburg,23,6853,7,6645,0,0,208
3059,2020-07-22,Limburg,46,6899,22,6667,0,0,232
3060,2020-07-23,Limburg,25,6924,14,6681,0,0,243
3061,2020-07-24,Limburg,28,6952,10,6691,0,0,261
3062,2020-07-25,Limburg,19,6971,10,6701,0,0,270
3063,2020-07-26,Limburg,5,6976,4,6705,0,0,271
3064,2020-07-27,Limburg,38,7014,19,6724,0,0,290
3065,2020-07-28,Limburg,31,7045,12,6736,0,0,309
3066,2020-07-29,Limburg,38,7083,23,6759,0,0,324
3067,2020-07-30,Limburg,27,7110,11,6770,0,0,340
3068,2020-07-31,Limburg,22,7132,21,6791,0,0,341
3069,2020-08-01,Limburg,22,7154,5,6796,0,0,358
3070,2020-08-02,Limburg,9,7163,12,6808,0,0,355
3071,2020-08-03,Limburg,26,7189,22,6830,0,0,359
3072,2020-08-04,Limburg,45,7234,23,6853,0,0,381
3073,2020-08-05,Limburg,27,7261,46,6899,0,0,362
3074,2020-08-06,Limburg,27,7288,25,6924,0,0,364
3075,2020-08-07,Limburg,28,7316,28,6952,0,0,364
3076,2020-08-08,Limburg,19,7335,19,6971,0,0,364
3077,2020-08-09,Limburg,2,7337,5,6976,0,0,361
3078,2020-08-10,Limburg,50,7387,38,7014,0,0,373
3079,2020-08-11,Limburg,31,7418,31,7045,0,0,373
3080,2020-08-12,Limburg,9,7427,38,7083,0,0,344
3081,2020-08-13,Limburg,26,7453,27,7110,0,0,343
3082,2020-08-14,Limburg,17,7470,22,7132,0,0,338
3083,2020-08-15,Limburg,12,7482,22,7154,0,0,328
3084,2020-08-16,Limburg,9,7491,9,7163,0,0,328
3085,2020-08-17,Limburg,32,7523,26,7189,0,0,334
3086,2020-08-18,Limburg,31,7554,45,7234,0,0,320
3087,2020-08-19,Limburg,25,7579,27,7261,0,0,318
3088,2020-08-20,Limburg,40,7619,27,7288,0,0,331
3089,2020-08-21,Limburg,25,7644,28,7316,0,0,328
3090,2020-08-22,Limburg,7,7651,19,7335,0,0,316
3091,2020-08-23,Limburg,8,7659,2,7337,0,0,322
3092,2020-08-24,Limburg,32,7691,50,7387,0,0,304
3093,2020-08-25,Limburg,33,7724,31,7418,0,0,306
3094,2020-08-26,Limburg,25,7749,9,7427,0,0,322
3095,2020-08-27,Limburg,31,7780,26,7453,0,0,327
3096,2020-08-28,Limburg,19,7799,17,7470,0,0,329
3097,2020-08-29,Limburg,16,7815,12,7482,0,0,333
3098,2020-08-30,Limburg,7,7822,9,7491,0,0,331
3099,2020-08-31,Limburg,52,7874,32,7523,0,0,351
3100,2020-09-01,Limburg,45,7919,31,7554,0,0,365
3101,2020-09-02,Limburg,25,7944,25,7579,0,0,365
3102,2020-09-03,Limburg,27,7971,40,7619,0,0,352
3103,2020-09-04,Limburg,27,7998,25,7644,0,0,354
3104,2020-09-05,Limburg,6,8004,7,7651,0,0,353
3105,2020-09-06,Limburg,17,8021,8,7659,0,0,362
3106,2020-09-07,Limburg,36,8057,32,7691,0,0,366
3107,2020-09-08,Limburg,44,8101,33,7724,0,0,377
3108,2020-09-09,Limburg,51,8152,25,7749,0,0,403
3109,2020-09-10,Limburg,40,8192,31,7780,0,0,412
3110,2020-09-11,Limburg,49,8241,19,7799,0,0,442
3111,2020-09-12,Limburg,26,8267,16,7815,0,0,452
3112,2020-09-13,Limburg,14,8281,7,7822,0,0,459
3113,2020-09-14,Limburg,67,8348,52,7874,0,0,474
3114,2020-09-15,Limburg,29,8377,45,7919,0,0,458
3115,2020-09-16,Limburg,36,8413,25,7944,0,0,469
3116,2020-09-17,Limburg,47,8460,27,7971,0,0,489
3117,2020-09-18,Limburg,40,8500,27,7998,0,0,502
3118,2020-09-19,Limburg,39,8539,6,8004,0,0,535
3119,2020-09-20,Limburg,15,8554,17,8021,0,0,533
3120,2020-09-21,Limburg,69,8623,36,8057,0,0,566
3121,2020-09-22,Limburg,56,8679,44,8101,0,0,578
3122,2020-09-23,Limburg,61,8740,51,8152,0,0,588
3123,2020-09-24,Limburg,94,8834,40,8192,0,0,642
3124,2020-09-25,Limburg,68,8902,49,8241,0,0,661
3125,2020-09-26,Limburg,25,8927,26,8267,0,0,660
3126,2020-09-27,Limburg,26,8953,14,8281,0,0,672
3127,2020-09-28,Limburg,72,9025,67,8348,0,0,677
3128,2020-09-29,Limburg,73,9098,29,8377,0,0,721
3129,2020-09-30,Limburg,71,9169,36,8413,0,0,756
3130,2020-10-01,Limburg,71,9240,47,8460,0,0,780
3131,2020-10-02,Limburg,94,9334,40,8500,0,0,834
3132,2020-10-03,Limburg,53,9387,39,8539,0,0,848
3133,2020-10-04,Limburg,36,9423,15,8554,0,0,869
3134,2020-10-05,Limburg,161,9584,69,8623,0,0,961
3135,2020-10-06,Limburg,162,9746,56,8679,0,0,1067
3136,2020-10-07,Limburg,127,9873,61,8740,0,0,1133
3137,2020-10-08,Limburg,190,10063,94,8834,0,0,1229
3138,2020-10-09,Limburg,205,10268,68,8902,0,0,1366
3139,2020-10-10,Limburg,114,10382,25,8927,0,0,1455
3140,2020-10-11,Limburg,86,10468,26,8953,0,0,1515
3141,2020-10-12,Limburg,290,10758,72,9025,0,0,1733
3142,2020-10-13,Limburg,311,11069,73,9098,0,0,1971
3143,2020-10-14,Limburg,366,11435,71,9169,0,0,2266
3144,2020-10-15,Limburg,334,11769,71,9240,0,0,2529
3145,2020-10-16,Limburg,342,12111,94,9334,0,0,2777
3146,2020-10-17,Limburg,260,12371,53,9387,0,0,2984
3147,2020-10-18,Limburg,213,12584,36,9423,0,0,3161
3148,2020-10-19,Limburg,586,13170,161,9584,0,0,3586
3149,2020-10-20,Limburg,560,13730,162,9746,0,0,3984
3150,2020-10-21,Limburg,505,14235,127,9873,0,0,4362
3151,2020-10-22,Limburg,509,14744,190,10063,0,0,4681
3152,2020-10-23,Limburg,513,15257,205,10268,0,0,4989
3153,2020-10-24,Limburg,302,15559,114,10382,0,0,5177
3154,2020-10-25,Limburg,168,15727,86,10468,0,0,5259
3155,2020-10-26,Limburg,666,16393,290,10758,0,0,5635
3156,2020-10-27,Limburg,577,16970,311,11069,0,0,5901
3157,2020-10-28,Limburg,504,17474,366,11435,0,0,6039
3158,2020-10-29,Limburg,468,17942,334,11769,0,0,6173
3159,2020-10-30,Limburg,485,18427,342,12111,0,0,6316
3160,2020-10-31,Limburg,222,18649,260,12371,0,0,6278
3161,2020-11-01,Limburg,101,18750,213,12584,0,0,6166
3162,2020-11-02,Limburg,548,19298,586,13170,0,0,6128
3163,2020-11-03,Limburg,340,19638,560,13730,0,0,5908
3164,2020-11-04,Limburg,289,19927,505,14235,0,0,5692
3165,2020-11-05,Limburg,257,20184,509,14744,0,0,5440
3166,2020-11-06,Limburg,250,20434,513,15257,0,0,5177
3167,2020-11-07,Limburg,116,20550,302,15559,0,0,4991
3168,2020-11-08,Limburg,68,20618,168,15727,0,0,4891
3169,2020-11-09,Limburg,368,20986,666,16393,0,0,4593
3170,2020-11-10,Limburg,325,21311,577,16970,0,0,4341
3171,2020-11-11,Limburg,126,21437,504,17474,0,0,3963
3172,2020-11-12,Limburg,293,21730,468,17942,0,0,3788
3173,2020-11-13,Limburg,235,21965,485,18427,0,0,3538
3174,2020-11-14,Limburg,117,22082,222,18649,0,0,3433
3175,2020-11-15,Limburg,64,22146,101,18750,0,0,3396
3176,2020-11-16,Limburg,335,22481,548,19298,0,0,3183
3177,2020-11-17,Limburg,206,22687,340,19638,0,0,3049
3178,2020-11-18,Limburg,175,22862,289,19927,0,0,2935
3179,2020-11-19,Limburg,181,23043,257,20184,0,0,2859
3180,2020-11-20,Limburg,171,23214,250,20434,0,0,2780
3181,2020-11-21,Limburg,50,23264,116,20550,0,0,2714
3182,2020-11-22,Limburg,42,23306,68,20618,0,0,2688
3183,2020-11-23,Limburg,257,23563,368,20986,0,0,2577
3184,2020-11-24,Limburg,151,23714,325,21311,0,0,2403
3185,2020-11-25,Limburg,157,23871,126,21437,0,0,2434
3186,2020-11-26,Limburg,166,24037,293,21730,0,0,2307
3187,2020-11-27,Limburg,241,24278,235,21965,0,0,2313
3188,2020-11-28,Limburg,55,24333,117,22082,0,0,2251
3189,2020-11-29,Limburg,48,24381,64,22146,0,0,2235
3190,2020-11-30,Limburg,216,24597,335,22481,0,0,2116
3191,2020-12-01,Limburg,155,24752,206,22687,0,0,2065
3192,2020-12-02,Limburg,140,24892,175,22862,0,0,2030
3193,2020-12-03,Limburg,175,25067,181,23043,0,0,2024
3194,2020-12-04,Limburg,180,25247,171,23214,0,0,2033
3195,2020-12-05,Limburg,61,25308,50,23264,0,0,2044
3196,2020-12-06,Limburg,55,25363,42,23306,0,0,2057
3197,2020-12-07,Limburg,244,25607,257,23563,0,0,2044
3198,2020-12-08,Limburg,176,25783,151,23714,0,0,2069
3199,2020-12-09,Limburg,174,25957,157,23871,0,0,2086
3200,2020-12-10,Limburg,167,26124,166,24037,0,0,2087
3201,2020-12-11,Limburg,215,26339,241,24278,0,0,2061
3202,2020-12-12,Limburg,89,26428,55,24333,0,0,2095
3203,2020-12-13,Limburg,72,26500,48,24381,0,0,2119
3204,2020-12-14,Limburg,232,26732,216,24597,0,0,2135
3205,2020-12-15,Limburg,224,26956,155,24752,0,0,2204
3206,2020-12-16,Limburg,169,27125,140,24892,0,0,2233
3207,2020-12-17,Limburg,192,27317,175,25067,0,0,2250
3208,2020-12-18,Limburg,209,27526,180,25247,0,0,2279
3209,2020-12-19,Limburg,97,27623,61,25308,0,0,2315
3210,2020-12-20,Limburg,70,27693,55,25363,0,0,2330
3211,2020-12-21,Limburg,251,27944,244,25607,0,0,2337
3212,2020-12-22,Limburg,184,28128,176,25783,0,0,2345
3213,2020-12-23,Limburg,167,28295,174,25957,0,0,2338
3214,2020-12-24,Limburg,163,28458,167,26124,0,0,2334
3215,2020-12-25,Limburg,62,28520,215,26339,0,0,2181
3216,2020-12-26,Limburg,85,28605,89,26428,0,0,2177
3217,2020-12-27,Limburg,89,28694,72,26500,0,0,2194
3218,2020-12-28,Limburg,257,28951,232,26732,0,0,2219
3219,2020-12-29,Limburg,167,29118,224,26956,0,0,2162
3220,2020-12-30,Limburg,140,29258,169,27125,0,0,2133
3221,2020-12-31,Limburg,129,29387,192,27317,0,0,2070
3222,2021-01-01,Limburg,54,29441,209,27526,0,0,1915
3223,2021-01-02,Limburg,107,29548,97,27623,0,0,1925
3224,2021-01-03,Limburg,56,29604,70,27693,0,0,1911
3225,2021-01-04,Limburg,212,29816,251,27944,0,0,1872
3226,2021-01-05,Limburg,190,30006,184,28128,0,0,1878
3227,2021-01-06,Limburg,184,30190,167,28295,0,0,1895
3228,2021-01-07,Limburg,142,30332,163,28458,0,0,1874
3229,2021-01-08,Limburg,151,30483,62,28520,0,0,1963
3230,2021-01-09,Limburg,80,30563,85,28605,0,0,1958
3231,2021-01-10,Limburg,76,30639,89,28694,0,0,1945
3232,2021-01-11,Limburg,216,30855,257,28951,0,0,1904
3233,2021-01-12,Limburg,194,31049,167,29118,0,0,1931
3234,2021-01-13,Limburg,162,31211,140,29258,0,0,1953
3235,2021-01-14,Limburg,202,31413,129,29387,0,0,2026
3236,2021-01-15,Limburg,234,31647,54,29441,0,0,2206
3237,2021-01-16,Limburg,85,31732,107,29548,0,0,2184
3238,2021-01-17,Limburg,58,31790,56,29604,0,0,2186
3239,2021-01-18,Limburg,233,32023,212,29816,0,0,2207
3240,2021-01-19,Limburg,226,32249,190,30006,0,0,2243
3241,2021-01-20,Limburg,292,32541,184,30190,0,0,2351
3242,2021-01-21,Limburg,259,32800,142,30332,0,0,2468
3243,2021-01-22,Limburg,286,33086,151,30483,0,0,2603
3244,2021-01-23,Limburg,111,33197,80,30563,0,0,2634
3245,2021-01-24,Limburg,102,33299,76,30639,0,0,2660
3246,2021-01-25,Limburg,312,33611,216,30855,0,0,2756
3247,2021-01-26,Limburg,280,33891,194,31049,0,0,2842
3248,2021-01-27,Limburg,232,34123,162,31211,0,0,2912
3249,2021-01-28,Limburg,306,34429,202,31413,0,0,3016
3250,2021-01-29,Limburg,274,34703,234,31647,0,0,3056
3251,2021-01-30,Limburg,127,34830,85,31732,0,0,3098
3252,2021-01-31,Limburg,106,34936,58,31790,0,0,3146
3253,2021-02-01,Limburg,229,35165,233,32023,0,0,3142
3254,2021-02-02,Limburg,214,35379,226,32249,0,0,3130
3255,2021-02-03,Limburg,178,35557,292,32541,0,0,3016
3256,2021-02-04,Limburg,172,35729,259,32800,0,0,2929
3257,2021-02-05,Limburg,166,35895,286,33086,0,0,2809
3258,2021-02-06,Limburg,56,35951,111,33197,0,0,2754
3259,2021-02-07,Limburg,50,36001,102,33299,0,0,2702
3260,2021-02-08,Limburg,176,36177,312,33611,0,0,2566
3261,2021-02-09,Limburg,123,36300,280,33891,0,0,2409
3262,2021-02-10,Limburg,133,36433,232,34123,0,0,2310
3263,2021-02-11,Limburg,113,36546,306,34429,0,0,2117
3264,2021-02-12,Limburg,138,36684,274,34703,0,0,1981
3265,2021-02-13,Limburg,62,36746,127,34830,0,0,1916
3266,2021-02-14,Limburg,27,36773,106,34936,0,0,1837
3267,2021-02-15,Limburg,187,36960,229,35165,0,0,1795
3268,2021-02-16,Limburg,162,37122,214,35379,0,0,1743
3269,2021-02-17,Limburg,170,37292,178,35557,0,0,1735
3270,2021-02-18,Limburg,145,37437,172,35729,0,0,1708
3271,2021-02-19,Limburg,149,37586,166,35895,0,0,1691
3272,2021-02-20,Limburg,63,37649,56,35951,0,0,1698
3273,2021-02-21,Limburg,48,37697,50,36001,0,0,1696
3274,2021-02-22,Limburg,170,37867,176,36177,0,0,1690
3275,2021-02-23,Limburg,157,38024,123,36300,0,0,1724
3276,2021-02-24,Limburg,130,38154,133,36433,0,0,1721
3277,2021-02-25,Limburg,140,38294,113,36546,0,0,1748
3278,2021-02-26,Limburg,132,38426,138,36684,0,0,1742
3279,2021-02-27,Limburg,62,38488,62,36746,0,0,1742
3280,2021-02-28,Limburg,35,38523,27,36773,0,0,1750
3281,2021-03-01,Limburg,191,38714,187,36960,0,0,1754
3282,2021-03-02,Limburg,132,38846,162,37122,0,0,1724
3283,2021-03-03,Limburg,194,39040,170,37292,0,0,1748
3284,2021-03-04,Limburg,164,39204,145,37437,0,0,1767
3285,2021-03-05,Limburg,149,39353,149,37586,0,0,1767
3286,2021-03-06,Limburg,74,39427,63,37649,0,0,1778
3287,2021-03-07,Limburg,69,39496,48,37697,0,0,1799
3288,2021-03-08,Limburg,225,39721,170,37867,0,0,1854
3289,2021-03-09,Limburg,206,39927,157,38024,0,0,1903
3290,2021-03-10,Limburg,185,40112,130,38154,0,0,1958
3291,2021-03-11,Limburg,197,40309,140,38294,0,0,2015
3292,2021-03-12,Limburg,213,40522,132,38426,0,0,2096
3293,2021-03-13,Limburg,127,40649,62,38488,0,0,2161
3294,2021-03-14,Limburg,86,40735,35,38523,0,0,2212
3295,2021-03-15,Limburg,344,41079,191,38714,0,0,2365
3296,2021-03-16,Limburg,260,41339,132,38846,0,0,2493
3297,2021-03-17,Limburg,241,41580,194,39040,0,0,2540
3298,2021-03-18,Limburg,308,41888,164,39204,0,0,2684
3299,2021-03-19,Limburg,326,42214,149,39353,0,0,2861
3300,2021-03-20,Limburg,173,42387,74,39427,0,0,2960
3301,2021-03-21,Limburg,150,42537,69,39496,0,0,3041
3302,2021-03-22,Limburg,451,42988,225,39721,0,0,3267
3303,2021-03-23,Limburg,359,43347,206,39927,0,0,3420
3304,2021-03-24,Limburg,334,43681,185,40112,0,0,3569
3305,2021-03-25,Limburg,388,44069,197,40309,0,0,3760
3306,2021-03-26,Limburg,375,44444,213,40522,0,0,3922
3307,2021-03-27,Limburg,144,44588,127,40649,0,0,3939
3308,2021-03-28,Limburg,202,44790,86,40735,0,0,4055
3309,2021-03-29,Limburg,429,45219,344,41079,0,0,4140
3310,2021-03-30,Limburg,407,45626,260,41339,0,0,4287
3311,2021-03-31,Limburg,355,45981,241,41580,0,0,4401
3312,2021-04-01,Limburg,347,46328,308,41888,0,0,4440
3313,2021-04-02,Limburg,391,46719,326,42214,0,0,4505
3314,2021-04-03,Limburg,167,46886,173,42387,0,0,4499
3315,2021-04-04,Limburg,109,46995,150,42537,0,0,4458
3316,2021-04-05,Limburg,110,47105,451,42988,0,0,4117
3317,2021-04-06,Limburg,395,47500,359,43347,0,0,4153
3318,2021-04-07,Limburg,402,47902,334,43681,0,0,4221
3319,2021-04-08,Limburg,332,48234,388,44069,0,0,4165
3320,2021-04-09,Limburg,337,48571,375,44444,0,0,4127
3321,2021-04-10,Limburg,171,48742,144,44588,0,0,4154
3322,2021-04-11,Limburg,138,48880,202,44790,0,0,4090
3323,2021-04-12,Limburg,424,49304,429,45219,0,0,4085
3324,2021-04-13,Limburg,375,49679,407,45626,0,0,4053
3325,2021-04-14,Limburg,359,50038,355,45981,0,0,4057
3326,2021-04-15,Limburg,300,50338,347,46328,0,0,4010
3327,2021-04-16,Limburg,390,50728,391,46719,0,0,4009
3328,2021-04-17,Limburg,173,50901,167,46886,0,0,4015
3329,2021-04-18,Limburg,115,51016,109,46995,0,0,4021
3330,2021-04-19,Limburg,423,51439,110,47105,0,0,4334
3331,2021-04-20,Limburg,385,51824,395,47500,0,0,4324
3332,2021-04-21,Limburg,410,52234,402,47902,0,0,4332
3333,2021-04-22,Limburg,289,52523,332,48234,0,0,4289
3334,2021-04-23,Limburg,320,52843,337,48571,0,0,4272
3335,2021-04-24,Limburg,152,52995,171,48742,0,0,4253
3336,2021-04-25,Limburg,133,53128,138,48880,0,0,4248
3337,2021-04-26,Limburg,327,53455,424,49304,0,0,4151
3338,2021-04-27,Limburg,307,53762,375,49679,0,0,4083
3339,2021-04-28,Limburg,350,54112,359,50038,0,0,4074
3340,2021-04-29,Limburg,330,54442,300,50338,0,0,4104
3341,2021-04-30,Limburg,295,54737,390,50728,0,0,4009
3342,2021-05-01,Limburg,135,54872,173,50901,0,0,3971
3343,2021-05-02,Limburg,120,54992,115,51016,0,0,3976
3344,2021-05-03,Limburg,348,55340,423,51439,0,0,3901
3345,2021-05-04,Limburg,307,55647,385,51824,0,0,3823
3346,2021-05-05,Limburg,370,56017,410,52234,0,0,3783
3347,2021-05-06,Limburg,308,56325,289,52523,0,0,3802
3348,2021-05-07,Limburg,305,56630,320,52843,0,0,3787
3349,2021-05-08,Limburg,109,56739,152,52995,0,0,3744
3350,2021-05-09,Limburg,85,56824,133,53128,0,0,3696
3351,2021-05-10,Limburg,245,57069,327,53455,0,0,3614
3352,2021-05-11,Limburg,222,57291,307,53762,0,0,3529
3353,2021-05-12,Limburg,188,57479,350,54112,0,0,3367
3354,2021-05-13,Limburg,88,57567,330,54442,0,0,3125
3355,2021-05-14,Limburg,134,57701,295,54737,0,0,2964
3356,2021-05-15,Limburg,93,57794,135,54872,0,0,2922
3357,2021-05-16,Limburg,60,57854,120,54992,0,0,2862
3358,2021-05-17,Limburg,290,58144,348,55340,0,0,2804
3359,2021-05-18,Limburg,235,58379,307,55647,0,0,2732
3360,2021-05-19,Limburg,207,58586,370,56017,0,0,2569
3361,2021-05-20,Limburg,155,58741,308,56325,0,0,2416
3362,2021-05-21,Limburg,155,58896,305,56630,0,0,2266
3363,2021-05-22,Limburg,76,58972,109,56739,0,0,2233
3364,2021-05-23,Limburg,58,59030,85,56824,0,0,2206
3365,2021-05-24,Limburg,72,59102,245,57069,0,0,2033
3366,2021-05-25,Limburg,178,59280,222,57291,0,0,1989
3367,2021-05-26,Limburg,167,59447,188,57479,0,0,1968
3368,2021-05-27,Limburg,117,59564,88,57567,0,0,1997
3369,2021-05-28,Limburg,101,59665,134,57701,0,0,1964
3370,2021-05-29,Limburg,62,59727,93,57794,0,0,1933
3371,2021-05-30,Limburg,59,59786,60,57854,0,0,1932
3372,2021-05-31,Limburg,144,59930,290,58144,0,0,1786
3373,2021-06-01,Limburg,125,60055,235,58379,0,0,1676
3374,2021-06-02,Limburg,93,60148,207,58586,0,0,1562
3375,2021-06-03,Limburg,112,60260,155,58741,0,0,1519
3376,2021-06-04,Limburg,92,60352,155,58896,0,0,1456
3377,2021-06-05,Limburg,35,60387,76,58972,0,0,1415
3378,2021-06-06,Limburg,28,60415,58,59030,0,0,1385
3379,2021-06-07,Limburg,64,60479,72,59102,0,0,1377
3380,2021-06-08,Limburg,59,60538,178,59280,0,0,1258
3381,2021-06-09,Limburg,49,60587,167,59447,0,0,1140
3382,2021-06-10,Limburg,51,60638,117,59564,0,0,1074
3383,2021-06-11,Limburg,53,60691,101,59665,0,0,1026
3384,2021-06-12,Limburg,24,60715,62,59727,0,0,988
3385,2021-06-13,Limburg,17,60732,59,59786,0,0,946
3386,2021-06-14,Limburg,44,60776,144,59930,0,0,846
3387,2021-06-15,Limburg,42,60818,125,60055,0,0,763
3388,2021-06-16,Limburg,16,60834,93,60148,0,0,686
3389,2021-06-17,Limburg,19,60853,112,60260,0,0,593
3390,2021-06-18,Limburg,26,60879,92,60352,0,0,527
3391,2021-06-19,Limburg,18,60897,35,60387,0,0,510
3392,2021-06-20,Limburg,15,60912,28,60415,0,0,497
3393,2021-06-21,Limburg,21,60933,64,60479,0,0,454
3394,2021-06-22,Limburg,19,60952,59,60538,0,0,414
3395,2021-06-23,Limburg,25,60977,49,60587,0,0,390
3396,2021-06-24,Limburg,16,60993,51,60638,0,0,355
3397,2021-06-25,Limburg,11,61004,53,60691,0,0,313
3398,2021-06-26,Limburg,11,61015,0,60691,0,0,324
3399,2021-06-27,Limburg,7,61022,0,60691,0,0,331
3400,2021-06-28,Limburg,0,61022,0,60691,0,0,331
3401,2021-06-29,Limburg,0,61022,0,60691,0,0,331
3402,2020-03-01,Liège,3,3,0,0,0,0,3
3403,2020-03-02,Liège,1,4,0,0,0,0,4
3404,2020-03-03,Liège,6,10,0,0,0,0,10
3405,2020-03-04,Liège,5,15,0,0,0,0,15
3406,2020-03-05,Liège,6,21,0,0,0,0,21
3407,2020-03-06,Liège,8,29,0,0,0,0,29
3408,2020-03-07,Liège,4,33,0,0,0,0,33
3409,2020-03-08,Liège,11,44,0,0,0,0,44
3410,2020-03-09,Liège,22,66,0,0,0,0,66
3411,2020-03-10,Liège,10,76,0,0,0,0,76
3412,2020-03-11,Liège,25,101,0,0,0,0,101
3413,2020-03-12,Liège,29,130,0,0,0,0,130
3414,2020-03-13,Liège,30,160,0,0,0,0,160
3415,2020-03-14,Liège,22,182,0,0,0,0,182
3416,2020-03-15,Liège,15,197,3,3,0,0,194
3417,2020-03-16,Liège,48,245,1,4,0,0,241
3418,2020-03-17,Liège,45,290,6,10,0,0,280
3419,2020-03-18,Liège,47,337,5,15,0,0,322
3420,2020-03-19,Liège,80,417,6,21,0,0,396
3421,2020-03-20,Liège,73,490,8,29,0,0,461
3422,2020-03-21,Liège,74,564,4,33,0,0,531
3423,2020-03-22,Liège,60,624,11,44,0,0,580
3424,2020-03-23,Liège,166,790,22,66,0,0,724
3425,2020-03-24,Liège,163,953,10,76,0,0,877
3426,2020-03-25,Liège,138,1091,25,101,0,0,990
3427,2020-03-26,Liège,157,1248,29,130,0,0,1118
3428,2020-03-27,Liège,97,1345,30,160,0,0,1185
3429,2020-03-28,Liège,30,1375,22,182,0,0,1193
3430,2020-03-29,Liège,54,1429,15,197,0,0,1232
3431,2020-03-30,Liège,245,1674,48,245,0,0,1429
3432,2020-03-31,Liège,207,1881,45,290,0,0,1591
3433,2020-04-01,Liège,175,2056,47,337,0,0,1719
3434,2020-04-02,Liège,194,2250,80,417,0,0,1833
3435,2020-04-03,Liège,182,2432,73,490,0,0,1942
3436,2020-04-04,Liège,115,2547,74,564,0,0,1983
3437,2020-04-05,Liège,96,2643,60,624,0,0,2019
3438,2020-04-06,Liège,190,2833,166,790,0,0,2043
3439,2020-04-07,Liège,202,3035,163,953,0,0,2082
3440,2020-04-08,Liège,160,3195,138,1091,0,0,2104
3441,2020-04-09,Liège,236,3431,157,1248,0,0,2183
3442,2020-04-10,Liège,234,3665,97,1345,0,0,2320
3443,2020-04-11,Liège,138,3803,30,1375,0,0,2428
3444,2020-04-12,Liège,76,3879,54,1429,0,0,2450
3445,2020-04-13,Liège,63,3942,245,1674,0,0,2268
3446,2020-04-14,Liège,212,4154,207,1881,0,0,2273
3447,2020-04-15,Liège,451,4605,175,2056,0,0,2549
3448,2020-04-16,Liège,137,4742,194,2250,0,0,2492
3449,2020-04-17,Liège,215,4957,182,2432,0,0,2525
3450,2020-04-18,Liège,145,5102,115,2547,0,0,2555
3451,2020-04-19,Liège,93,5195,96,2643,0,0,2552
3452,2020-04-20,Liège,181,5376,190,2833,0,0,2543
3453,2020-04-21,Liège,119,5495,202,3035,0,0,2460
3454,2020-04-22,Liège,83,5578,160,3195,0,0,2383
3455,2020-04-23,Liège,214,5792,236,3431,0,0,2361
3456,2020-04-24,Liège,73,5865,234,3665,0,0,2200
3457,2020-04-25,Liège,90,5955,138,3803,0,0,2152
3458,2020-04-26,Liège,21,5976,76,3879,0,0,2097
3459,2020-04-27,Liège,46,6022,63,3942,0,0,2080
3460,2020-04-28,Liège,58,6080,212,4154,0,0,1926
3461,2020-04-29,Liège,43,6123,451,4605,0,0,1518
3462,2020-04-30,Liège,46,6169,137,4742,0,0,1427
3463,2020-05-01,Liège,27,6196,215,4957,0,0,1239
3464,2020-05-02,Liège,19,6215,145,5102,0,0,1113
3465,2020-05-03,Liège,10,6225,93,5195,0,0,1030
3466,2020-05-04,Liège,50,6275,181,5376,0,0,899
3467,2020-05-05,Liège,35,6310,119,5495,0,0,815
3468,2020-05-06,Liège,35,6345,83,5578,0,0,767
3469,2020-05-07,Liège,50,6395,214,5792,0,0,603
3470,2020-05-08,Liège,37,6432,73,5865,0,0,567
3471,2020-05-09,Liège,41,6473,90,5955,0,0,518
3472,2020-05-10,Liège,25,6498,21,5976,0,0,522
3473,2020-05-11,Liège,23,6521,46,6022,0,0,499
3474,2020-05-12,Liège,32,6553,58,6080,0,0,473
3475,2020-05-13,Liège,22,6575,43,6123,0,0,452
3476,2020-05-14,Liège,27,6602,46,6169,0,0,433
3477,2020-05-15,Liège,29,6631,27,6196,0,0,435
3478,2020-05-16,Liège,13,6644,19,6215,0,0,429
3479,2020-05-17,Liège,7,6651,10,6225,0,0,426
3480,2020-05-18,Liège,10,6661,50,6275,0,0,386
3481,2020-05-19,Liège,25,6686,35,6310,0,0,376
3482,2020-05-20,Liège,30,6716,35,6345,0,0,371
3483,2020-05-21,Liège,4,6720,50,6395,0,0,325
3484,2020-05-22,Liège,17,6737,37,6432,0,0,305
3485,2020-05-23,Liège,15,6752,41,6473,0,0,279
3486,2020-05-24,Liège,7,6759,25,6498,0,0,261
3487,2020-05-25,Liège,9,6768,23,6521,0,0,247
3488,2020-05-26,Liège,16,6784,32,6553,0,0,231
3489,2020-05-27,Liège,23,6807,22,6575,0,0,232
3490,2020-05-28,Liège,5,6812,27,6602,0,0,210
3491,2020-05-29,Liège,8,6820,29,6631,0,0,189
3492,2020-05-30,Liège,6,6826,13,6644,0,0,182
3493,2020-05-31,Liège,7,6833,7,6651,0,0,182
3494,2020-06-01,Liège,5,6838,10,6661,0,0,177
3495,2020-06-02,Liège,11,6849,25,6686,0,0,163
3496,2020-06-03,Liège,7,6856,30,6716,0,0,140
3497,2020-06-04,Liège,7,6863,4,6720,0,0,143
3498,2020-06-05,Liège,18,6881,17,6737,0,0,144
3499,2020-06-06,Liège,8,6889,15,6752,0,0,137
3500,2020-06-07,Liège,8,6897,7,6759,0,0,138
3501,2020-06-08,Liège,16,6913,9,6768,0,0,145
3502,2020-06-09,Liège,6,6919,16,6784,0,0,135
3503,2020-06-10,Liège,4,6923,23,6807,0,0,116
3504,2020-06-11,Liège,4,6927,5,6812,0,0,115
3505,2020-06-12,Liège,10,6937,8,6820,0,0,117
3506,2020-06-13,Liège,6,6943,6,6826,0,0,117
3507,2020-06-14,Liège,2,6945,7,6833,0,0,112
3508,2020-06-15,Liège,5,6950,5,6838,0,0,112
3509,2020-06-16,Liège,9,6959,11,6849,0,0,110
3510,2020-06-17,Liège,4,6963,7,6856,0,0,107
3511,2020-06-18,Liège,16,6979,7,6863,0,0,116
3512,2020-06-19,Liège,6,6985,18,6881,0,0,104
3513,2020-06-20,Liège,7,6992,8,6889,0,0,103
3514,2020-06-21,Liège,3,6995,8,6897,0,0,98
3515,2020-06-22,Liège,10,7005,16,6913,0,0,92
3516,2020-06-23,Liège,8,7013,6,6919,0,0,94
3517,2020-06-24,Liège,8,7021,4,6923,0,0,98
3518,2020-06-25,Liège,1,7022,4,6927,0,0,95
3519,2020-06-26,Liège,6,7028,10,6937,0,0,91
3520,2020-06-27,Liège,3,7031,6,6943,0,0,88
3521,2020-06-28,Liège,0,7031,2,6945,0,0,86
3522,2020-06-29,Liège,5,7036,5,6950,0,0,86
3523,2020-06-30,Liège,7,7043,9,6959,0,0,84
3524,2020-07-01,Liège,1,7044,4,6963,0,0,81
3525,2020-07-02,Liège,0,7044,16,6979,0,0,65
3526,2020-07-03,Liège,4,7048,6,6985,0,0,63
3527,2020-07-04,Liège,5,7053,7,6992,0,0,61
3528,2020-07-05,Liège,0,7053,3,6995,0,0,58
3529,2020-07-06,Liège,5,7058,10,7005,0,0,53
3530,2020-07-07,Liège,15,7073,8,7013,0,0,60
3531,2020-07-08,Liège,1,7074,8,7021,0,0,53
3532,2020-07-09,Liège,7,7081,1,7022,0,0,59
3533,2020-07-10,Liège,10,7091,6,7028,0,0,63
3534,2020-07-11,Liège,10,7101,3,7031,0,0,70
3535,2020-07-12,Liège,1,7102,0,7031,0,0,71
3536,2020-07-13,Liège,8,7110,5,7036,0,0,74
3537,2020-07-14,Liège,29,7139,7,7043,0,0,96
3538,2020-07-15,Liège,17,7156,1,7044,0,0,112
3539,2020-07-16,Liège,13,7169,0,7044,0,0,125
3540,2020-07-17,Liège,19,7188,4,7048,0,0,140
3541,2020-07-18,Liège,9,7197,5,7053,0,0,144
3542,2020-07-19,Liège,2,7199,0,7053,0,0,146
3543,2020-07-20,Liège,33,7232,5,7058,0,0,174
3544,2020-07-21,Liège,4,7236,15,7073,0,0,163
3545,2020-07-22,Liège,37,7273,1,7074,0,0,199
3546,2020-07-23,Liège,39,7312,7,7081,0,0,231
3547,2020-07-24,Liège,32,7344,10,7091,0,0,253
3548,2020-07-25,Liège,28,7372,10,7101,0,0,271
3549,2020-07-26,Liège,10,7382,1,7102,0,0,280
3550,2020-07-27,Liège,41,7423,8,7110,0,0,313
3551,2020-07-28,Liège,72,7495,29,7139,0,0,356
3552,2020-07-29,Liège,48,7543,17,7156,0,0,387
3553,2020-07-30,Liège,91,7634,13,7169,0,0,465
3554,2020-07-31,Liège,93,7727,19,7188,0,0,539
3555,2020-08-01,Liège,26,7753,9,7197,0,0,556
3556,2020-08-02,Liège,20,7773,2,7199,0,0,574
3557,2020-08-03,Liège,103,7876,33,7232,0,0,644
3558,2020-08-04,Liège,99,7975,4,7236,0,0,739
3559,2020-08-05,Liège,63,8038,37,7273,0,0,765
3560,2020-08-06,Liège,88,8126,39,7312,0,0,814
3561,2020-08-07,Liège,66,8192,32,7344,0,0,848
3562,2020-08-08,Liège,28,8220,28,7372,0,0,848
3563,2020-08-09,Liège,9,8229,10,7382,0,0,847
3564,2020-08-10,Liège,97,8326,41,7423,0,0,903
3565,2020-08-11,Liège,91,8417,72,7495,0,0,922
3566,2020-08-12,Liège,81,8498,48,7543,0,0,955
3567,2020-08-13,Liège,55,8553,91,7634,0,0,919
3568,2020-08-14,Liège,61,8614,93,7727,0,0,887
3569,2020-08-15,Liège,32,8646,26,7753,0,0,893
3570,2020-08-16,Liège,6,8652,20,7773,0,0,879
3571,2020-08-17,Liège,48,8700,103,7876,0,0,824
3572,2020-08-18,Liège,57,8757,99,7975,0,0,782
3573,2020-08-19,Liège,33,8790,63,8038,0,0,752
3574,2020-08-20,Liège,31,8821,88,8126,0,0,695
3575,2020-08-21,Liège,22,8843,66,8192,0,0,651
3576,2020-08-22,Liège,14,8857,28,8220,0,0,637
3577,2020-08-23,Liège,12,8869,9,8229,0,0,640
3578,2020-08-24,Liège,46,8915,97,8326,0,0,589
3579,2020-08-25,Liège,31,8946,91,8417,0,0,529
3580,2020-08-26,Liège,56,9002,81,8498,0,0,504
3581,2020-08-27,Liège,50,9052,55,8553,0,0,499
3582,2020-08-28,Liège,70,9122,61,8614,0,0,508
3583,2020-08-29,Liège,16,9138,32,8646,0,0,492
3584,2020-08-30,Liège,7,9145,6,8652,0,0,493
3585,2020-08-31,Liège,64,9209,48,8700,0,0,509
3586,2020-09-01,Liège,54,9263,57,8757,0,0,506
3587,2020-09-02,Liège,44,9307,33,8790,0,0,517
3588,2020-09-03,Liège,47,9354,31,8821,0,0,533
3589,2020-09-04,Liège,59,9413,22,8843,0,0,570
3590,2020-09-05,Liège,26,9439,14,8857,0,0,582
3591,2020-09-06,Liège,11,9450,12,8869,0,0,581
3592,2020-09-07,Liège,94,9544,46,8915,0,0,629
3593,2020-09-08,Liège,88,9632,31,8946,0,0,686
3594,2020-09-09,Liège,174,9806,56,9002,0,0,804
3595,2020-09-10,Liège,166,9972,50,9052,0,0,920
3596,2020-09-11,Liège,158,10130,70,9122,0,0,1008
3597,2020-09-12,Liège,81,10211,16,9138,0,0,1073
3598,2020-09-13,Liège,40,10251,7,9145,0,0,1106
3599,2020-09-14,Liège,234,10485,64,9209,0,0,1276
3600,2020-09-15,Liège,236,10721,54,9263,0,0,1458
3601,2020-09-16,Liège,330,11051,44,9307,0,0,1744
3602,2020-09-17,Liège,253,11304,47,9354,0,0,1950
3603,2020-09-18,Liège,222,11526,59,9413,0,0,2113
3604,2020-09-19,Liège,122,11648,26,9439,0,0,2209
3605,2020-09-20,Liège,54,11702,11,9450,0,0,2252
3606,2020-09-21,Liège,260,11962,94,9544,0,0,2418
3607,2020-09-22,Liège,329,12291,88,9632,0,0,2659
3608,2020-09-23,Liège,304,12595,174,9806,0,0,2789
3609,2020-09-24,Liège,184,12779,166,9972,0,0,2807
3610,2020-09-25,Liège,154,12933,158,10130,0,0,2803
3611,2020-09-26,Liège,152,13085,81,10211,0,0,2874
3612,2020-09-27,Liège,66,13151,40,10251,0,0,2900
3613,2020-09-28,Liège,447,13598,234,10485,0,0,3113
3614,2020-09-29,Liège,439,14037,236,10721,0,0,3316
3615,2020-09-30,Liège,472,14509,330,11051,0,0,3458
3616,2020-10-01,Liège,555,15064,253,11304,0,0,3760
3617,2020-10-02,Liège,603,15667,222,11526,0,0,4141
3618,2020-10-03,Liège,383,16050,122,11648,0,0,4402
3619,2020-10-04,Liège,100,16150,54,11702,0,0,4448
3620,2020-10-05,Liège,789,16939,260,11962,0,0,4977
3621,2020-10-06,Liège,1117,18056,329,12291,0,0,5765
3622,2020-10-07,Liège,1101,19157,304,12595,0,0,6562
3623,2020-10-08,Liège,1090,20247,184,12779,0,0,7468
3624,2020-10-09,Liège,1171,21418,154,12933,0,0,8485
3625,2020-10-10,Liège,1026,22444,152,13085,0,0,9359
3626,2020-10-11,Liège,412,22856,66,13151,0,0,9705
3627,2020-10-12,Liège,1628,24484,447,13598,0,0,10886
3628,2020-10-13,Liège,2664,27148,439,14037,0,0,13111
3629,2020-10-14,Liège,2400,29548,472,14509,0,0,15039
3630,2020-10-15,Liège,2399,31947,555,15064,0,0,16883
3631,2020-10-16,Liège,2484,34431,603,15667,0,0,18764
3632,2020-10-17,Liège,1865,36296,383,16050,0,0,20246
3633,2020-10-18,Liège,832,37128,100,16150,0,0,20978
3634,2020-10-19,Liège,2361,39489,789,16939,0,0,22550
3635,2020-10-20,Liège,3193,42682,1117,18056,0,0,24626
3636,2020-10-21,Liège,3064,45746,1101,19157,0,0,26589
3637,2020-10-22,Liège,2975,48721,1090,20247,0,0,28474
3638,2020-10-23,Liège,3783,52504,1171,21418,0,0,31086
3639,2020-10-24,Liège,2491,54995,1026,22444,0,0,32551
3640,2020-10-25,Liège,800,55795,412,22856,0,0,32939
3641,2020-10-26,Liège,3591,59386,1628,24484,0,0,34902
3642,2020-10-27,Liège,4270,63656,2664,27148,0,0,36508
3643,2020-10-28,Liège,3716,67372,2400,29548,0,0,37824
3644,2020-10-29,Liège,2988,70360,2399,31947,0,0,38413
3645,2020-10-30,Liège,2567,72927,2484,34431,0,0,38496
3646,2020-10-31,Liège,1110,74037,1865,36296,0,0,37741
3647,2020-11-01,Liège,182,74219,832,37128,0,0,37091
3648,2020-11-02,Liège,2436,76655,2361,39489,0,0,37166
3649,2020-11-03,Liège,2140,78795,3193,42682,0,0,36113
3650,2020-11-04,Liège,1518,80313,3064,45746,0,0,34567
3651,2020-11-05,Liège,1124,81437,2975,48721,0,0,32716
3652,2020-11-06,Liège,1133,82570,3783,52504,0,0,30066
3653,2020-11-07,Liège,434,83004,2491,54995,0,0,28009
3654,2020-11-08,Liège,90,83094,800,55795,0,0,27299
3655,2020-11-09,Liège,1140,84234,3591,59386,0,0,24848
3656,2020-11-10,Liège,1137,85371,4270,63656,0,0,21715
3657,2020-11-11,Liège,184,85555,3716,67372,0,0,18183
3658,2020-11-12,Liège,881,86436,2988,70360,0,0,16076
3659,2020-11-13,Liège,800,87236,2567,72927,0,0,14309
3660,2020-11-14,Liège,293,87529,1110,74037,0,0,13492
3661,2020-11-15,Liège,57,87586,182,74219,0,0,13367
3662,2020-11-16,Liège,744,88330,2436,76655,0,0,11675
3663,2020-11-17,Liège,617,88947,2140,78795,0,0,10152
3664,2020-11-18,Liège,398,89345,1518,80313,0,0,9032
3665,2020-11-19,Liège,325,89670,1124,81437,0,0,8233
3666,2020-11-20,Liège,358,90028,1133,82570,0,0,7458
3667,2020-11-21,Liège,113,90141,434,83004,0,0,7137
3668,2020-11-22,Liège,28,90169,90,83094,0,0,7075
3669,2020-11-23,Liège,433,90602,1140,84234,0,0,6368
3670,2020-11-24,Liège,293,90895,1137,85371,0,0,5524
3671,2020-11-25,Liège,294,91189,184,85555,0,0,5634
3672,2020-11-26,Liège,266,91455,881,86436,0,0,5019
3673,2020-11-27,Liège,212,91667,800,87236,0,0,4431
3674,2020-11-28,Liège,60,91727,293,87529,0,0,4198
3675,2020-11-29,Liège,13,91740,57,87586,0,0,4154
3676,2020-11-30,Liège,301,92041,744,88330,0,0,3711
3677,2020-12-01,Liège,202,92243,617,88947,0,0,3296
3678,2020-12-02,Liège,234,92477,398,89345,0,0,3132
3679,2020-12-03,Liège,197,92674,325,89670,0,0,3004
3680,2020-12-04,Liège,192,92866,358,90028,0,0,2838
3681,2020-12-05,Liège,63,92929,113,90141,0,0,2788
3682,2020-12-06,Liège,21,92950,28,90169,0,0,2781
3683,2020-12-07,Liège,273,93223,433,90602,0,0,2621
3684,2020-12-08,Liège,219,93442,293,90895,0,0,2547
3685,2020-12-09,Liège,200,93642,294,91189,0,0,2453
3686,2020-12-10,Liège,198,93840,266,91455,0,0,2385
3687,2020-12-11,Liège,213,94053,212,91667,0,0,2386
3688,2020-12-12,Liège,85,94138,60,91727,0,0,2411
3689,2020-12-13,Liège,24,94162,13,91740,0,0,2422
3690,2020-12-14,Liège,260,94422,301,92041,0,0,2381
3691,2020-12-15,Liège,258,94680,202,92243,0,0,2437
3692,2020-12-16,Liège,212,94892,234,92477,0,0,2415
3693,2020-12-17,Liège,217,95109,197,92674,0,0,2435
3694,2020-12-18,Liège,218,95327,192,92866,0,0,2461
3695,2020-12-19,Liège,115,95442,63,92929,0,0,2513
3696,2020-12-20,Liège,20,95462,21,92950,0,0,2512
3697,2020-12-21,Liège,296,95758,273,93223,0,0,2535
3698,2020-12-22,Liège,219,95977,219,93442,0,0,2535
3699,2020-12-23,Liège,190,96167,200,93642,0,0,2525
3700,2020-12-24,Liège,136,96303,198,93840,0,0,2463
3701,2020-12-25,Liège,9,96312,213,94053,0,0,2259
3702,2020-12-26,Liège,77,96389,85,94138,0,0,2251
3703,2020-12-27,Liège,20,96409,24,94162,0,0,2247
3704,2020-12-28,Liège,205,96614,260,94422,0,0,2192
3705,2020-12-29,Liège,207,96821,258,94680,0,0,2141
3706,2020-12-30,Liège,221,97042,212,94892,0,0,2150
3707,2020-12-31,Liège,162,97204,217,95109,0,0,2095
3708,2021-01-01,Liège,14,97218,218,95327,0,0,1891
3709,2021-01-02,Liège,90,97308,115,95442,0,0,1866
3710,2021-01-03,Liège,50,97358,20,95462,0,0,1896
3711,2021-01-04,Liège,272,97630,296,95758,0,0,1872
3712,2021-01-05,Liège,212,97842,219,95977,0,0,1865
3713,2021-01-06,Liège,188,98030,190,96167,0,0,1863
3714,2021-01-07,Liège,183,98213,136,96303,0,0,1910
3715,2021-01-08,Liège,166,98379,9,96312,0,0,2067
3716,2021-01-09,Liège,84,98463,77,96389,0,0,2074
3717,2021-01-10,Liège,21,98484,20,96409,0,0,2075
3718,2021-01-11,Liège,214,98698,205,96614,0,0,2084
3719,2021-01-12,Liège,200,98898,207,96821,0,0,2077
3720,2021-01-13,Liège,138,99036,221,97042,0,0,1994
3721,2021-01-14,Liège,185,99221,162,97204,0,0,2017
3722,2021-01-15,Liège,171,99392,14,97218,0,0,2174
3723,2021-01-16,Liège,73,99465,90,97308,0,0,2157
3724,2021-01-17,Liège,14,99479,50,97358,0,0,2121
3725,2021-01-18,Liège,228,99707,272,97630,0,0,2077
3726,2021-01-19,Liège,178,99885,212,97842,0,0,2043
3727,2021-01-20,Liège,201,100086,188,98030,0,0,2056
3728,2021-01-21,Liège,179,100265,183,98213,0,0,2052
3729,2021-01-22,Liège,197,100462,166,98379,0,0,2083
3730,2021-01-23,Liège,96,100558,84,98463,0,0,2095
3731,2021-01-24,Liège,7,100565,21,98484,0,0,2081
3732,2021-01-25,Liège,240,100805,214,98698,0,0,2107
3733,2021-01-26,Liège,185,100990,200,98898,0,0,2092
3734,2021-01-27,Liège,222,101212,138,99036,0,0,2176
3735,2021-01-28,Liège,205,101417,185,99221,0,0,2196
3736,2021-01-29,Liège,284,101701,171,99392,0,0,2309
3737,2021-01-30,Liège,94,101795,73,99465,0,0,2330
3738,2021-01-31,Liège,18,101813,14,99479,0,0,2334
3739,2021-02-01,Liège,255,102068,228,99707,0,0,2361
3740,2021-02-02,Liège,209,102277,178,99885,0,0,2392
3741,2021-02-03,Liège,149,102426,201,100086,0,0,2340
3742,2021-02-04,Liège,178,102604,179,100265,0,0,2339
3743,2021-02-05,Liège,186,102790,197,100462,0,0,2328
3744,2021-02-06,Liège,85,102875,96,100558,0,0,2317
3745,2021-02-07,Liège,14,102889,7,100565,0,0,2324
3746,2021-02-08,Liège,185,103074,240,100805,0,0,2269
3747,2021-02-09,Liège,158,103232,185,100990,0,0,2242
3748,2021-02-10,Liège,159,103391,222,101212,0,0,2179
3749,2021-02-11,Liège,165,103556,205,101417,0,0,2139
3750,2021-02-12,Liège,142,103698,284,101701,0,0,1997
3751,2021-02-13,Liège,67,103765,94,101795,0,0,1970
3752,2021-02-14,Liège,18,103783,18,101813,0,0,1970
3753,2021-02-15,Liège,153,103936,255,102068,0,0,1868
3754,2021-02-16,Liège,147,104083,209,102277,0,0,1806
3755,2021-02-17,Liège,155,104238,149,102426,0,0,1812
3756,2021-02-18,Liège,195,104433,178,102604,0,0,1829
3757,2021-02-19,Liège,201,104634,186,102790,0,0,1844
3758,2021-02-20,Liège,111,104745,85,102875,0,0,1870
3759,2021-02-21,Liège,12,104757,14,102889,0,0,1868
3760,2021-02-22,Liège,209,104966,185,103074,0,0,1892
3761,2021-02-23,Liège,192,105158,158,103232,0,0,1926
3762,2021-02-24,Liège,177,105335,159,103391,0,0,1944
3763,2021-02-25,Liège,162,105497,165,103556,0,0,1941
3764,2021-02-26,Liège,165,105662,142,103698,0,0,1964
3765,2021-02-27,Liège,85,105747,67,103765,0,0,1982
3766,2021-02-28,Liège,8,105755,18,103783,0,0,1972
3767,2021-03-01,Liège,204,105959,153,103936,0,0,2023
3768,2021-03-02,Liège,156,106115,147,104083,0,0,2032
3769,2021-03-03,Liège,161,106276,155,104238,0,0,2038
3770,2021-03-04,Liège,127,106403,195,104433,0,0,1970
3771,2021-03-05,Liège,166,106569,201,104634,0,0,1935
3772,2021-03-06,Liège,76,106645,111,104745,0,0,1900
3773,2021-03-07,Liège,10,106655,12,104757,0,0,1898
3774,2021-03-08,Liège,266,106921,209,104966,0,0,1955
3775,2021-03-09,Liège,236,107157,192,105158,0,0,1999
3776,2021-03-10,Liège,205,107362,177,105335,0,0,2027
3777,2021-03-11,Liège,219,107581,162,105497,0,0,2084
3778,2021-03-12,Liège,209,107790,165,105662,0,0,2128
3779,2021-03-13,Liège,117,107907,85,105747,0,0,2160
3780,2021-03-14,Liège,14,107921,8,105755,0,0,2166
3781,2021-03-15,Liège,267,108188,204,105959,0,0,2229
3782,2021-03-16,Liège,285,108473,156,106115,0,0,2358
3783,2021-03-17,Liège,257,108730,161,106276,0,0,2454
3784,2021-03-18,Liège,335,109065,127,106403,0,0,2662
3785,2021-03-19,Liège,299,109364,166,106569,0,0,2795
3786,2021-03-20,Liège,150,109514,76,106645,0,0,2869
3787,2021-03-21,Liège,27,109541,10,106655,0,0,2886
3788,2021-03-22,Liège,419,109960,266,106921,0,0,3039
3789,2021-03-23,Liège,391,110351,236,107157,0,0,3194
3790,2021-03-24,Liège,364,110715,205,107362,0,0,3353
3791,2021-03-25,Liège,364,111079,219,107581,0,0,3498
3792,2021-03-26,Liège,485,111564,209,107790,0,0,3774
3793,2021-03-27,Liège,207,111771,117,107907,0,0,3864
3794,2021-03-28,Liège,29,111800,14,107921,0,0,3879
3795,2021-03-29,Liège,551,112351,267,108188,0,0,4163
3796,2021-03-30,Liège,373,112724,285,108473,0,0,4251
3797,2021-03-31,Liège,402,113126,257,108730,0,0,4396
3798,2021-04-01,Liège,417,113543,335,109065,0,0,4478
3799,2021-04-02,Liège,388,113931,299,109364,0,0,4567
3800,2021-04-03,Liège,226,114157,150,109514,0,0,4643
3801,2021-04-04,Liège,40,114197,27,109541,0,0,4656
3802,2021-04-05,Liège,45,114242,419,109960,0,0,4282
3803,2021-04-06,Liège,424,114666,391,110351,0,0,4315
3804,2021-04-07,Liège,408,115074,364,110715,0,0,4359
3805,2021-04-08,Liège,375,115449,364,111079,0,0,4370
3806,2021-04-09,Liège,413,115862,485,111564,0,0,4298
3807,2021-04-10,Liège,201,116063,207,111771,0,0,4292
3808,2021-04-11,Liège,32,116095,29,111800,0,0,4295
3809,2021-04-12,Liège,467,116562,551,112351,0,0,4211
3810,2021-04-13,Liège,478,117040,373,112724,0,0,4316
3811,2021-04-14,Liège,338,117378,402,113126,0,0,4252
3812,2021-04-15,Liège,349,117727,417,113543,0,0,4184
3813,2021-04-16,Liège,376,118103,388,113931,0,0,4172
3814,2021-04-17,Liège,229,118332,226,114157,0,0,4175
3815,2021-04-18,Liège,39,118371,40,114197,0,0,4174
3816,2021-04-19,Liège,547,118918,45,114242,0,0,4676
3817,2021-04-20,Liège,371,119289,424,114666,0,0,4623
3818,2021-04-21,Liège,333,119622,408,115074,0,0,4548
3819,2021-04-22,Liège,383,120005,375,115449,0,0,4556
3820,2021-04-23,Liège,317,120322,413,115862,0,0,4460
3821,2021-04-24,Liège,156,120478,201,116063,0,0,4415
3822,2021-04-25,Liège,27,120505,32,116095,0,0,4410
3823,2021-04-26,Liège,408,120913,467,116562,0,0,4351
3824,2021-04-27,Liège,323,121236,478,117040,0,0,4196
3825,2021-04-28,Liège,330,121566,338,117378,0,0,4188
3826,2021-04-29,Liège,324,121890,349,117727,0,0,4163
3827,2021-04-30,Liège,315,122205,376,118103,0,0,4102
3828,2021-05-01,Liège,59,122264,229,118332,0,0,3932
3829,2021-05-02,Liège,45,122309,39,118371,0,0,3938
3830,2021-05-03,Liège,517,122826,547,118918,0,0,3908
3831,2021-05-04,Liège,389,123215,371,119289,0,0,3926
3832,2021-05-05,Liège,362,123577,333,119622,0,0,3955
3833,2021-05-06,Liège,346,123923,383,120005,0,0,3918
3834,2021-05-07,Liège,335,124258,317,120322,0,0,3936
3835,2021-05-08,Liège,145,124403,156,120478,0,0,3925
3836,2021-05-09,Liège,22,124425,27,120505,0,0,3920
3837,2021-05-10,Liège,347,124772,408,120913,0,0,3859
3838,2021-05-11,Liège,312,125084,323,121236,0,0,3848
3839,2021-05-12,Liège,340,125424,330,121566,0,0,3858
3840,2021-05-13,Liège,43,125467,324,121890,0,0,3577
3841,2021-05-14,Liège,314,125781,315,122205,0,0,3576
3842,2021-05-15,Liège,112,125893,59,122264,0,0,3629
3843,2021-05-16,Liège,33,125926,45,122309,0,0,3617
3844,2021-05-17,Liège,369,126295,517,122826,0,0,3469
3845,2021-05-18,Liège,343,126638,389,123215,0,0,3423
3846,2021-05-19,Liège,343,126981,362,123577,0,0,3404
3847,2021-05-20,Liège,247,127228,346,123923,0,0,3305
3848,2021-05-21,Liège,279,127507,335,124258,0,0,3249
3849,2021-05-22,Liège,148,127655,145,124403,0,0,3252
3850,2021-05-23,Liège,43,127698,22,124425,0,0,3273
3851,2021-05-24,Liège,19,127717,347,124772,0,0,2945
3852,2021-05-25,Liège,373,128090,312,125084,0,0,3006
3853,2021-05-26,Liège,328,128418,340,125424,0,0,2994
3854,2021-05-27,Liège,231,128649,43,125467,0,0,3182
3855,2021-05-28,Liège,251,128900,314,125781,0,0,3119
3856,2021-05-29,Liège,120,129020,112,125893,0,0,3127
3857,2021-05-30,Liège,32,129052,33,125926,0,0,3126
3858,2021-05-31,Liège,249,129301,369,126295,0,0,3006
3859,2021-06-01,Liège,174,129475,343,126638,0,0,2837
3860,2021-06-02,Liège,159,129634,343,126981,0,0,2653
3861,2021-06-03,Liège,144,129778,247,127228,0,0,2550
3862,2021-06-04,Liège,174,129952,279,127507,0,0,2445
3863,2021-06-05,Liège,73,130025,148,127655,0,0,2370
3864,2021-06-06,Liège,19,130044,43,127698,0,0,2346
3865,2021-06-07,Liège,150,130194,19,127717,0,0,2477
3866,2021-06-08,Liège,117,130311,373,128090,0,0,2221
3867,2021-06-09,Liège,91,130402,328,128418,0,0,1984
3868,2021-06-10,Liège,74,130476,231,128649,0,0,1827
3869,2021-06-11,Liège,71,130547,251,128900,0,0,1647
3870,2021-06-12,Liège,48,130595,120,129020,0,0,1575
3871,2021-06-13,Liège,10,130605,32,129052,0,0,1553
3872,2021-06-14,Liège,87,130692,249,129301,0,0,1391
3873,2021-06-15,Liège,68,130760,174,129475,0,0,1285
3874,2021-06-16,Liège,47,130807,159,129634,0,0,1173
3875,2021-06-17,Liège,46,130853,144,129778,0,0,1075
3876,2021-06-18,Liège,45,130898,174,129952,0,0,946
3877,2021-06-19,Liège,16,130914,73,130025,0,0,889
3878,2021-06-20,Liège,8,130922,19,130044,0,0,878
3879,2021-06-21,Liège,41,130963,150,130194,0,0,769
3880,2021-06-22,Liège,29,130992,117,130311,0,0,681
3881,2021-06-23,Liège,31,131023,91,130402,0,0,621
3882,2021-06-24,Liège,34,131057,74,130476,0,0,581
3883,2021-06-25,Liège,27,131084,0,130476,0,0,608
3884,2021-06-26,Liège,25,131109,0,130476,0,0,633
3885,2021-06-27,Liège,4,131113,0,130476,0,0,637
3886,2021-06-28,Liège,0,131113,0,130476,0,0,637
3887,2021-06-29,Liège,0,131113,0,130476,0,0,637
3888,2020-03-01,Hainaut,0,0,0,0,0,0,0
3889,2020-03-02,Hainaut,0,0,0,0,0,0,0
3890,2020-03-03,Hainaut,1,1,0,0,0,0,1
3891,2020-03-04,Hainaut,6,7,0,0,0,0,7
3892,2020-03-05,Hainaut,10,17,0,0,0,0,17
3893,2020-03-06,Hainaut,4,21,0,0,0,0,21
3894,2020-03-07,Hainaut,1,22,0,0,0,0,22
3895,2020-03-08,Hainaut,4,26,0,0,0,0,26
3896,2020-03-09,Hainaut,12,38,0,0,0,0,38
3897,2020-03-10,Hainaut,7,45,0,0,0,0,45
3898,2020-03-11,Hainaut,13,58,0,0,0,0,58
3899,2020-03-12,Hainaut,28,86,0,0,0,0,86
3900,2020-03-13,Hainaut,55,141,0,0,0,0,141
3901,2020-03-14,Hainaut,35,176,0,0,0,0,176
3902,2020-03-15,Hainaut,30,206,0,0,0,0,206
3903,2020-03-16,Hainaut,46,252,0,0,0,0,252
3904,2020-03-17,Hainaut,52,304,1,1,0,0,303
3905,2020-03-18,Hainaut,77,381,6,7,0,0,374
3906,2020-03-19,Hainaut,72,453,10,17,0,0,436
3907,2020-03-20,Hainaut,79,532,4,21,0,0,511
3908,2020-03-21,Hainaut,58,590,1,22,0,0,568
3909,2020-03-22,Hainaut,64,654,4,26,0,0,628
3910,2020-03-23,Hainaut,121,775,12,38,0,0,737
3911,2020-03-24,Hainaut,130,905,7,45,0,0,860
3912,2020-03-25,Hainaut,114,1019,13,58,0,0,961
3913,2020-03-26,Hainaut,112,1131,28,86,0,0,1045
3914,2020-03-27,Hainaut,151,1282,55,141,0,0,1141
3915,2020-03-28,Hainaut,104,1386,35,176,0,0,1210
3916,2020-03-29,Hainaut,108,1494,30,206,0,0,1288
3917,2020-03-30,Hainaut,154,1648,46,252,0,0,1396
3918,2020-03-31,Hainaut,233,1881,52,304,0,0,1577
3919,2020-04-01,Hainaut,134,2015,77,381,0,0,1634
3920,2020-04-02,Hainaut,133,2148,72,453,0,0,1695
3921,2020-04-03,Hainaut,198,2346,79,532,0,0,1814
3922,2020-04-04,Hainaut,72,2418,58,590,0,0,1828
3923,2020-04-05,Hainaut,78,2496,64,654,0,0,1842
3924,2020-04-06,Hainaut,224,2720,121,775,0,0,1945
3925,2020-04-07,Hainaut,153,2873,130,905,0,0,1968
3926,2020-04-08,Hainaut,166,3039,114,1019,0,0,2020
3927,2020-04-09,Hainaut,272,3311,112,1131,0,0,2180
3928,2020-04-10,Hainaut,247,3558,151,1282,0,0,2276
3929,2020-04-11,Hainaut,59,3617,104,1386,0,0,2231
3930,2020-04-12,Hainaut,44,3661,108,1494,0,0,2167
3931,2020-04-13,Hainaut,55,3716,154,1648,0,0,2068
3932,2020-04-14,Hainaut,182,3898,233,1881,0,0,2017
3933,2020-04-15,Hainaut,145,4043,134,2015,0,0,2028
3934,2020-04-16,Hainaut,222,4265,133,2148,0,0,2117
3935,2020-04-17,Hainaut,174,4439,198,2346,0,0,2093
3936,2020-04-18,Hainaut,221,4660,72,2418,0,0,2242
3937,2020-04-19,Hainaut,62,4722,78,2496,0,0,2226
3938,2020-04-20,Hainaut,170,4892,224,2720,0,0,2172
3939,2020-04-21,Hainaut,307,5199,153,2873,0,0,2326
3940,2020-04-22,Hainaut,100,5299,166,3039,0,0,2260
3941,2020-04-23,Hainaut,163,5462,272,3311,0,0,2151
3942,2020-04-24,Hainaut,72,5534,247,3558,0,0,1976
3943,2020-04-25,Hainaut,43,5577,59,3617,0,0,1960
3944,2020-04-26,Hainaut,38,5615,44,3661,0,0,1954
3945,2020-04-27,Hainaut,90,5705,55,3716,0,0,1989
3946,2020-04-28,Hainaut,48,5753,182,3898,0,0,1855
3947,2020-04-29,Hainaut,36,5789,145,4043,0,0,1746
3948,2020-04-30,Hainaut,66,5855,222,4265,0,0,1590
3949,2020-05-01,Hainaut,16,5871,174,4439,0,0,1432
3950,2020-05-02,Hainaut,47,5918,221,4660,0,0,1258
3951,2020-05-03,Hainaut,8,5926,62,4722,0,0,1204
3952,2020-05-04,Hainaut,44,5970,170,4892,0,0,1078
3953,2020-05-05,Hainaut,49,6019,307,5199,0,0,820
3954,2020-05-06,Hainaut,63,6082,100,5299,0,0,783
3955,2020-05-07,Hainaut,36,6118,163,5462,0,0,656
3956,2020-05-08,Hainaut,63,6181,72,5534,0,0,647
3957,2020-05-09,Hainaut,28,6209,43,5577,0,0,632
3958,2020-05-10,Hainaut,10,6219,38,5615,0,0,604
3959,2020-05-11,Hainaut,40,6259,90,5705,0,0,554
3960,2020-05-12,Hainaut,54,6313,48,5753,0,0,560
3961,2020-05-13,Hainaut,32,6345,36,5789,0,0,556
3962,2020-05-14,Hainaut,34,6379,66,5855,0,0,524
3963,2020-05-15,Hainaut,47,6426,16,5871,0,0,555
3964,2020-05-16,Hainaut,10,6436,47,5918,0,0,518
3965,2020-05-17,Hainaut,6,6442,8,5926,0,0,516
3966,2020-05-18,Hainaut,30,6472,44,5970,0,0,502
3967,2020-05-19,Hainaut,19,6491,49,6019,0,0,472
3968,2020-05-20,Hainaut,54,6545,63,6082,0,0,463
3969,2020-05-21,Hainaut,7,6552,36,6118,0,0,434
3970,2020-05-22,Hainaut,20,6572,63,6181,0,0,391
3971,2020-05-23,Hainaut,13,6585,28,6209,0,0,376
3972,2020-05-24,Hainaut,8,6593,10,6219,0,0,374
3973,2020-05-25,Hainaut,65,6658,40,6259,0,0,399
3974,2020-05-26,Hainaut,15,6673,54,6313,0,0,360
3975,2020-05-27,Hainaut,24,6697,32,6345,0,0,352
3976,2020-05-28,Hainaut,25,6722,34,6379,0,0,343
3977,2020-05-29,Hainaut,6,6728,47,6426,0,0,302
3978,2020-05-30,Hainaut,3,6731,10,6436,0,0,295
3979,2020-05-31,Hainaut,4,6735,6,6442,0,0,293
3980,2020-06-01,Hainaut,6,6741,30,6472,0,0,269
3981,2020-06-02,Hainaut,21,6762,19,6491,0,0,271
3982,2020-06-03,Hainaut,15,6777,54,6545,0,0,232
3983,2020-06-04,Hainaut,11,6788,7,6552,0,0,236
3984,2020-06-05,Hainaut,19,6807,20,6572,0,0,235
3985,2020-06-06,Hainaut,5,6812,13,6585,0,0,227
3986,2020-06-07,Hainaut,7,6819,8,6593,0,0,226
3987,2020-06-08,Hainaut,13,6832,65,6658,0,0,174
3988,2020-06-09,Hainaut,18,6850,15,6673,0,0,177
3989,2020-06-10,Hainaut,21,6871,24,6697,0,0,174
3990,2020-06-11,Hainaut,18,6889,25,6722,0,0,167
3991,2020-06-12,Hainaut,11,6900,6,6728,0,0,172
3992,2020-06-13,Hainaut,4,6904,3,6731,0,0,173
3993,2020-06-14,Hainaut,1,6905,4,6735,0,0,170
3994,2020-06-15,Hainaut,20,6925,6,6741,0,0,184
3995,2020-06-16,Hainaut,10,6935,21,6762,0,0,173
3996,2020-06-17,Hainaut,13,6948,15,6777,0,0,171
3997,2020-06-18,Hainaut,5,6953,11,6788,0,0,165
3998,2020-06-19,Hainaut,8,6961,19,6807,0,0,154
3999,2020-06-20,Hainaut,9,6970,5,6812,0,0,158
4000,2020-06-21,Hainaut,1,6971,7,6819,0,0,152
4001,2020-06-22,Hainaut,33,7004,13,6832,0,0,172
4002,2020-06-23,Hainaut,11,7015,18,6850,0,0,165
4003,2020-06-24,Hainaut,12,7027,21,6871,0,0,156
4004,2020-06-25,Hainaut,12,7039,18,6889,0,0,150
4005,2020-06-26,Hainaut,15,7054,11,6900,0,0,154
4006,2020-06-27,Hainaut,5,7059,4,6904,0,0,155
4007,2020-06-28,Hainaut,5,7064,1,6905,0,0,159
4008,2020-06-29,Hainaut,5,7069,20,6925,0,0,144
4009,2020-06-30,Hainaut,13,7082,10,6935,0,0,147
4010,2020-07-01,Hainaut,15,7097,13,6948,0,0,149
4011,2020-07-02,Hainaut,11,7108,5,6953,0,0,155
4012,2020-07-03,Hainaut,13,7121,8,6961,0,0,160
4013,2020-07-04,Hainaut,12,7133,9,6970,0,0,163
4014,2020-07-05,Hainaut,0,7133,1,6971,0,0,162
4015,2020-07-06,Hainaut,6,7139,33,7004,0,0,135
4016,2020-07-07,Hainaut,4,7143,11,7015,0,0,128
4017,2020-07-08,Hainaut,7,7150,12,7027,0,0,123
4018,2020-07-09,Hainaut,8,7158,12,7039,0,0,119
4019,2020-07-10,Hainaut,10,7168,15,7054,0,0,114
4020,2020-07-11,Hainaut,6,7174,5,7059,0,0,115
4021,2020-07-12,Hainaut,3,7177,5,7064,0,0,113
4022,2020-07-13,Hainaut,19,7196,5,7069,0,0,127
4023,2020-07-14,Hainaut,18,7214,13,7082,0,0,132
4024,2020-07-15,Hainaut,16,7230,15,7097,0,0,133
4025,2020-07-16,Hainaut,26,7256,11,7108,0,0,148
4026,2020-07-17,Hainaut,18,7274,13,7121,0,0,153
4027,2020-07-18,Hainaut,9,7283,12,7133,0,0,150
4028,2020-07-19,Hainaut,5,7288,0,7133,0,0,155
4029,2020-07-20,Hainaut,25,7313,6,7139,0,0,174
4030,2020-07-21,Hainaut,10,7323,4,7143,0,0,180
4031,2020-07-22,Hainaut,33,7356,7,7150,0,0,206
4032,2020-07-23,Hainaut,9,7365,8,7158,0,0,207
4033,2020-07-24,Hainaut,40,7405,10,7168,0,0,237
4034,2020-07-25,Hainaut,20,7425,6,7174,0,0,251
4035,2020-07-26,Hainaut,8,7433,3,7177,0,0,256
4036,2020-07-27,Hainaut,30,7463,19,7196,0,0,267
4037,2020-07-28,Hainaut,38,7501,18,7214,0,0,287
4038,2020-07-29,Hainaut,58,7559,16,7230,0,0,329
4039,2020-07-30,Hainaut,37,7596,26,7256,0,0,340
4040,2020-07-31,Hainaut,36,7632,18,7274,0,0,358
4041,2020-08-01,Hainaut,28,7660,9,7283,0,0,377
4042,2020-08-02,Hainaut,14,7674,5,7288,0,0,386
4043,2020-08-03,Hainaut,62,7736,25,7313,0,0,423
4044,2020-08-04,Hainaut,52,7788,10,7323,0,0,465
4045,2020-08-05,Hainaut,61,7849,33,7356,0,0,493
4046,2020-08-06,Hainaut,55,7904,9,7365,0,0,539
4047,2020-08-07,Hainaut,44,7948,40,7405,0,0,543
4048,2020-08-08,Hainaut,13,7961,20,7425,0,0,536
4049,2020-08-09,Hainaut,8,7969,8,7433,0,0,536
4050,2020-08-10,Hainaut,53,8022,30,7463,0,0,559
4051,2020-08-11,Hainaut,58,8080,38,7501,0,0,579
4052,2020-08-12,Hainaut,29,8109,58,7559,0,0,550
4053,2020-08-13,Hainaut,47,8156,37,7596,0,0,560
4054,2020-08-14,Hainaut,41,8197,36,7632,0,0,565
4055,2020-08-15,Hainaut,6,8203,28,7660,0,0,543
4056,2020-08-16,Hainaut,10,8213,14,7674,0,0,539
4057,2020-08-17,Hainaut,70,8283,62,7736,0,0,547
4058,2020-08-18,Hainaut,54,8337,52,7788,0,0,549
4059,2020-08-19,Hainaut,65,8402,61,7849,0,0,553
4060,2020-08-20,Hainaut,61,8463,55,7904,0,0,559
4061,2020-08-21,Hainaut,54,8517,44,7948,0,0,569
4062,2020-08-22,Hainaut,15,8532,13,7961,0,0,571
4063,2020-08-23,Hainaut,6,8538,8,7969,0,0,569
4064,2020-08-24,Hainaut,40,8578,53,8022,0,0,556
4065,2020-08-25,Hainaut,37,8615,58,8080,0,0,535
4066,2020-08-26,Hainaut,37,8652,29,8109,0,0,543
4067,2020-08-27,Hainaut,61,8713,47,8156,0,0,557
4068,2020-08-28,Hainaut,62,8775,41,8197,0,0,578
4069,2020-08-29,Hainaut,19,8794,6,8203,0,0,591
4070,2020-08-30,Hainaut,3,8797,10,8213,0,0,584
4071,2020-08-31,Hainaut,40,8837,70,8283,0,0,554
4072,2020-09-01,Hainaut,45,8882,54,8337,0,0,545
4073,2020-09-02,Hainaut,69,8951,65,8402,0,0,549
4074,2020-09-03,Hainaut,44,8995,61,8463,0,0,532
4075,2020-09-04,Hainaut,73,9068,54,8517,0,0,551
4076,2020-09-05,Hainaut,35,9103,15,8532,0,0,571
4077,2020-09-06,Hainaut,8,9111,6,8538,0,0,573
4078,2020-09-07,Hainaut,61,9172,40,8578,0,0,594
4079,2020-09-08,Hainaut,75,9247,37,8615,0,0,632
4080,2020-09-09,Hainaut,88,9335,37,8652,0,0,683
4081,2020-09-10,Hainaut,78,9413,61,8713,0,0,700
4082,2020-09-11,Hainaut,133,9546,62,8775,0,0,771
4083,2020-09-12,Hainaut,63,9609,19,8794,0,0,815
4084,2020-09-13,Hainaut,15,9624,3,8797,0,0,827
4085,2020-09-14,Hainaut,144,9768,40,8837,0,0,931
4086,2020-09-15,Hainaut,180,9948,45,8882,0,0,1066
4087,2020-09-16,Hainaut,165,10113,69,8951,0,0,1162
4088,2020-09-17,Hainaut,162,10275,44,8995,0,0,1280
4089,2020-09-18,Hainaut,153,10428,73,9068,0,0,1360
4090,2020-09-19,Hainaut,109,10537,35,9103,0,0,1434
4091,2020-09-20,Hainaut,53,10590,8,9111,0,0,1479
4092,2020-09-21,Hainaut,274,10864,61,9172,0,0,1692
4093,2020-09-22,Hainaut,233,11097,75,9247,0,0,1850
4094,2020-09-23,Hainaut,222,11319,88,9335,0,0,1984
4095,2020-09-24,Hainaut,202,11521,78,9413,0,0,2108
4096,2020-09-25,Hainaut,150,11671,133,9546,0,0,2125
4097,2020-09-26,Hainaut,87,11758,63,9609,0,0,2149
4098,2020-09-27,Hainaut,76,11834,15,9624,0,0,2210
4099,2020-09-28,Hainaut,268,12102,144,9768,0,0,2334
4100,2020-09-29,Hainaut,374,12476,180,9948,0,0,2528
4101,2020-09-30,Hainaut,385,12861,165,10113,0,0,2748
4102,2020-10-01,Hainaut,378,13239,162,10275,0,0,2964
4103,2020-10-02,Hainaut,644,13883,153,10428,0,0,3455
4104,2020-10-03,Hainaut,214,14097,109,10537,0,0,3560
4105,2020-10-04,Hainaut,168,14265,53,10590,0,0,3675
4106,2020-10-05,Hainaut,694,14959,274,10864,0,0,4095
4107,2020-10-06,Hainaut,686,15645,233,11097,0,0,4548
4108,2020-10-07,Hainaut,1181,16826,222,11319,0,0,5507
4109,2020-10-08,Hainaut,904,17730,202,11521,0,0,6209
4110,2020-10-09,Hainaut,1285,19015,150,11671,0,0,7344
4111,2020-10-10,Hainaut,650,19665,87,11758,0,0,7907
4112,2020-10-11,Hainaut,467,20132,76,11834,0,0,8298
4113,2020-10-12,Hainaut,1630,21762,268,12102,0,0,9660
4114,2020-10-13,Hainaut,2153,23915,374,12476,0,0,11439
4115,2020-10-14,Hainaut,2091,26006,385,12861,0,0,13145
4116,2020-10-15,Hainaut,2178,28184,378,13239,0,0,14945
4117,2020-10-16,Hainaut,2070,30254,644,13883,0,0,16371
4118,2020-10-17,Hainaut,1560,31814,214,14097,0,0,17717
4119,2020-10-18,Hainaut,848,32662,168,14265,0,0,18397
4120,2020-10-19,Hainaut,2022,34684,694,14959,0,0,19725
4121,2020-10-20,Hainaut,3265,37949,686,15645,0,0,22304
4122,2020-10-21,Hainaut,3239,41188,1181,16826,0,0,24362
4123,2020-10-22,Hainaut,3085,44273,904,17730,0,0,26543
4124,2020-10-23,Hainaut,3383,47656,1285,19015,0,0,28641
4125,2020-10-24,Hainaut,2241,49897,650,19665,0,0,30232
4126,2020-10-25,Hainaut,1347,51244,467,20132,0,0,31112
4127,2020-10-26,Hainaut,2641,53885,1630,21762,0,0,32123
4128,2020-10-27,Hainaut,3953,57838,2153,23915,0,0,33923
4129,2020-10-28,Hainaut,3797,61635,2091,26006,0,0,35629
4130,2020-10-29,Hainaut,3215,64850,2178,28184,0,0,36666
4131,2020-10-30,Hainaut,3272,68122,2070,30254,0,0,37868
4132,2020-10-31,Hainaut,1465,69587,1560,31814,0,0,37773
4133,2020-11-01,Hainaut,734,70321,848,32662,0,0,37659
4134,2020-11-02,Hainaut,1924,72245,2022,34684,0,0,37561
4135,2020-11-03,Hainaut,2838,75083,3265,37949,0,0,37134
4136,2020-11-04,Hainaut,2047,77130,3239,41188,0,0,35942
4137,2020-11-05,Hainaut,1781,78911,3085,44273,0,0,34638
4138,2020-11-06,Hainaut,1218,80129,3383,47656,0,0,32473
4139,2020-11-07,Hainaut,477,80606,2241,49897,0,0,30709
4140,2020-11-08,Hainaut,336,80942,1347,51244,0,0,29698
4141,2020-11-09,Hainaut,1467,82409,2641,53885,0,0,28524
4142,2020-11-10,Hainaut,1568,83977,3953,57838,0,0,26139
4143,2020-11-11,Hainaut,423,84400,3797,61635,0,0,22765
4144,2020-11-12,Hainaut,1217,85617,3215,64850,0,0,20767
4145,2020-11-13,Hainaut,1123,86740,3272,68122,0,0,18618
4146,2020-11-14,Hainaut,446,87186,1465,69587,0,0,17599
4147,2020-11-15,Hainaut,223,87409,734,70321,0,0,17088
4148,2020-11-16,Hainaut,855,88264,1924,72245,0,0,16019
4149,2020-11-17,Hainaut,1044,89308,2838,75083,0,0,14225
4150,2020-11-18,Hainaut,638,89946,2047,77130,0,0,12816
4151,2020-11-19,Hainaut,529,90475,1781,78911,0,0,11564
4152,2020-11-20,Hainaut,451,90926,1218,80129,0,0,10797
4153,2020-11-21,Hainaut,229,91155,477,80606,0,0,10549
4154,2020-11-22,Hainaut,68,91223,336,80942,0,0,10281
4155,2020-11-23,Hainaut,551,91774,1467,82409,0,0,9365
4156,2020-11-24,Hainaut,430,92204,1568,83977,0,0,8227
4157,2020-11-25,Hainaut,396,92600,423,84400,0,0,8200
4158,2020-11-26,Hainaut,357,92957,1217,85617,0,0,7340
4159,2020-11-27,Hainaut,398,93355,1123,86740,0,0,6615
4160,2020-11-28,Hainaut,135,93490,446,87186,0,0,6304
4161,2020-11-29,Hainaut,59,93549,223,87409,0,0,6140
4162,2020-11-30,Hainaut,382,93931,855,88264,0,0,5667
4163,2020-12-01,Hainaut,440,94371,1044,89308,0,0,5063
4164,2020-12-02,Hainaut,329,94700,638,89946,0,0,4754
4165,2020-12-03,Hainaut,313,95013,529,90475,0,0,4538
4166,2020-12-04,Hainaut,365,95378,451,90926,0,0,4452
4167,2020-12-05,Hainaut,153,95531,229,91155,0,0,4376
4168,2020-12-06,Hainaut,50,95581,68,91223,0,0,4358
4169,2020-12-07,Hainaut,442,96023,551,91774,0,0,4249
4170,2020-12-08,Hainaut,423,96446,430,92204,0,0,4242
4171,2020-12-09,Hainaut,385,96831,396,92600,0,0,4231
4172,2020-12-10,Hainaut,366,97197,357,92957,0,0,4240
4173,2020-12-11,Hainaut,384,97581,398,93355,0,0,4226
4174,2020-12-12,Hainaut,238,97819,135,93490,0,0,4329
4175,2020-12-13,Hainaut,80,97899,59,93549,0,0,4350
4176,2020-12-14,Hainaut,428,98327,382,93931,0,0,4396
4177,2020-12-15,Hainaut,349,98676,440,94371,0,0,4305
4178,2020-12-16,Hainaut,345,99021,329,94700,0,0,4321
4179,2020-12-17,Hainaut,327,99348,313,95013,0,0,4335
4180,2020-12-18,Hainaut,420,99768,365,95378,0,0,4390
4181,2020-12-19,Hainaut,193,99961,153,95531,0,0,4430
4182,2020-12-20,Hainaut,41,100002,50,95581,0,0,4421
4183,2020-12-21,Hainaut,486,100488,442,96023,0,0,4465
4184,2020-12-22,Hainaut,327,100815,423,96446,0,0,4369
4185,2020-12-23,Hainaut,279,101094,385,96831,0,0,4263
4186,2020-12-24,Hainaut,238,101332,366,97197,0,0,4135
4187,2020-12-25,Hainaut,34,101366,384,97581,0,0,3785
4188,2020-12-26,Hainaut,64,101430,238,97819,0,0,3611
4189,2020-12-27,Hainaut,43,101473,80,97899,0,0,3574
4190,2020-12-28,Hainaut,262,101735,428,98327,0,0,3408
4191,2020-12-29,Hainaut,278,102013,349,98676,0,0,3337
4192,2020-12-30,Hainaut,237,102250,345,99021,0,0,3229
4193,2020-12-31,Hainaut,226,102476,327,99348,0,0,3128
4194,2021-01-01,Hainaut,31,102507,420,99768,0,0,2739
4195,2021-01-02,Hainaut,89,102596,193,99961,0,0,2635
4196,2021-01-03,Hainaut,48,102644,41,100002,0,0,2642
4197,2021-01-04,Hainaut,356,103000,486,100488,0,0,2512
4198,2021-01-05,Hainaut,330,103330,327,100815,0,0,2515
4199,2021-01-06,Hainaut,248,103578,279,101094,0,0,2484
4200,2021-01-07,Hainaut,232,103810,238,101332,0,0,2478
4201,2021-01-08,Hainaut,222,104032,34,101366,0,0,2666
4202,2021-01-09,Hainaut,104,104136,64,101430,0,0,2706
4203,2021-01-10,Hainaut,63,104199,43,101473,0,0,2726
4204,2021-01-11,Hainaut,349,104548,262,101735,0,0,2813
4205,2021-01-12,Hainaut,273,104821,278,102013,0,0,2808
4206,2021-01-13,Hainaut,247,105068,237,102250,0,0,2818
4207,2021-01-14,Hainaut,241,105309,226,102476,0,0,2833
4208,2021-01-15,Hainaut,258,105567,31,102507,0,0,3060
4209,2021-01-16,Hainaut,119,105686,89,102596,0,0,3090
4210,2021-01-17,Hainaut,94,105780,48,102644,0,0,3136
4211,2021-01-18,Hainaut,299,106079,356,103000,0,0,3079
4212,2021-01-19,Hainaut,327,106406,330,103330,0,0,3076
4213,2021-01-20,Hainaut,246,106652,248,103578,0,0,3074
4214,2021-01-21,Hainaut,280,106932,232,103810,0,0,3122
4215,2021-01-22,Hainaut,304,107236,222,104032,0,0,3204
4216,2021-01-23,Hainaut,143,107379,104,104136,0,0,3243
4217,2021-01-24,Hainaut,64,107443,63,104199,0,0,3244
4218,2021-01-25,Hainaut,462,107905,349,104548,0,0,3357
4219,2021-01-26,Hainaut,407,108312,273,104821,0,0,3491
4220,2021-01-27,Hainaut,323,108635,247,105068,0,0,3567
4221,2021-01-28,Hainaut,311,108946,241,105309,0,0,3637
4222,2021-01-29,Hainaut,355,109301,258,105567,0,0,3734
4223,2021-01-30,Hainaut,171,109472,119,105686,0,0,3786
4224,2021-01-31,Hainaut,108,109580,94,105780,0,0,3800
4225,2021-02-01,Hainaut,455,110035,299,106079,0,0,3956
4226,2021-02-02,Hainaut,343,110378,327,106406,0,0,3972
4227,2021-02-03,Hainaut,295,110673,246,106652,0,0,4021
4228,2021-02-04,Hainaut,298,110971,280,106932,0,0,4039
4229,2021-02-05,Hainaut,303,111274,304,107236,0,0,4038
4230,2021-02-06,Hainaut,172,111446,143,107379,0,0,4067
4231,2021-02-07,Hainaut,55,111501,64,107443,0,0,4058
4232,2021-02-08,Hainaut,317,111818,462,107905,0,0,3913
4233,2021-02-09,Hainaut,280,112098,407,108312,0,0,3786
4234,2021-02-10,Hainaut,241,112339,323,108635,0,0,3704
4235,2021-02-11,Hainaut,247,112586,311,108946,0,0,3640
4236,2021-02-12,Hainaut,215,112801,355,109301,0,0,3500
4237,2021-02-13,Hainaut,109,112910,171,109472,0,0,3438
4238,2021-02-14,Hainaut,53,112963,108,109580,0,0,3383
4239,2021-02-15,Hainaut,295,113258,455,110035,0,0,3223
4240,2021-02-16,Hainaut,255,113513,343,110378,0,0,3135
4241,2021-02-17,Hainaut,268,113781,295,110673,0,0,3108
4242,2021-02-18,Hainaut,263,114044,298,110971,0,0,3073
4243,2021-02-19,Hainaut,294,114338,303,111274,0,0,3064
4244,2021-02-20,Hainaut,155,114493,172,111446,0,0,3047
4245,2021-02-21,Hainaut,81,114574,55,111501,0,0,3073
4246,2021-02-22,Hainaut,343,114917,317,111818,0,0,3099
4247,2021-02-23,Hainaut,390,115307,280,112098,0,0,3209
4248,2021-02-24,Hainaut,367,115674,241,112339,0,0,3335
4249,2021-02-25,Hainaut,373,116047,247,112586,0,0,3461
4250,2021-02-26,Hainaut,418,116465,215,112801,0,0,3664
4251,2021-02-27,Hainaut,191,116656,109,112910,0,0,3746
4252,2021-02-28,Hainaut,58,116714,53,112963,0,0,3751
4253,2021-03-01,Hainaut,430,117144,295,113258,0,0,3886
4254,2021-03-02,Hainaut,374,117518,255,113513,0,0,4005
4255,2021-03-03,Hainaut,330,117848,268,113781,0,0,4067
4256,2021-03-04,Hainaut,403,118251,263,114044,0,0,4207
4257,2021-03-05,Hainaut,386,118637,294,114338,0,0,4299
4258,2021-03-06,Hainaut,196,118833,155,114493,0,0,4340
4259,2021-03-07,Hainaut,94,118927,81,114574,0,0,4353
4260,2021-03-08,Hainaut,433,119360,343,114917,0,0,4443
4261,2021-03-09,Hainaut,491,119851,390,115307,0,0,4544
4262,2021-03-10,Hainaut,461,120312,367,115674,0,0,4638
4263,2021-03-11,Hainaut,519,120831,373,116047,0,0,4784
4264,2021-03-12,Hainaut,552,121383,418,116465,0,0,4918
4265,2021-03-13,Hainaut,310,121693,191,116656,0,0,5037
4266,2021-03-14,Hainaut,145,121838,58,116714,0,0,5124
4267,2021-03-15,Hainaut,665,122503,430,117144,0,0,5359
4268,2021-03-16,Hainaut,642,123145,374,117518,0,0,5627
4269,2021-03-17,Hainaut,666,123811,330,117848,0,0,5963
4270,2021-03-18,Hainaut,656,124467,403,118251,0,0,6216
4271,2021-03-19,Hainaut,696,125163,386,118637,0,0,6526
4272,2021-03-20,Hainaut,384,125547,196,118833,0,0,6714
4273,2021-03-21,Hainaut,163,125710,94,118927,0,0,6783
4274,2021-03-22,Hainaut,740,126450,433,119360,0,0,7090
4275,2021-03-23,Hainaut,802,127252,491,119851,0,0,7401
4276,2021-03-24,Hainaut,740,127992,461,120312,0,0,7680
4277,2021-03-25,Hainaut,821,128813,519,120831,0,0,7982
4278,2021-03-26,Hainaut,783,129596,552,121383,0,0,8213
4279,2021-03-27,Hainaut,496,130092,310,121693,0,0,8399
4280,2021-03-28,Hainaut,108,130200,145,121838,0,0,8362
4281,2021-03-29,Hainaut,783,130983,665,122503,0,0,8480
4282,2021-03-30,Hainaut,797,131780,642,123145,0,0,8635
4283,2021-03-31,Hainaut,694,132474,666,123811,0,0,8663
4284,2021-04-01,Hainaut,653,133127,656,124467,0,0,8660
4285,2021-04-02,Hainaut,676,133803,696,125163,0,0,8640
4286,2021-04-03,Hainaut,390,134193,384,125547,0,0,8646
4287,2021-04-04,Hainaut,131,134324,163,125710,0,0,8614
4288,2021-04-05,Hainaut,157,134481,740,126450,0,0,8031
4289,2021-04-06,Hainaut,716,135197,802,127252,0,0,7945
4290,2021-04-07,Hainaut,682,135879,740,127992,0,0,7887
4291,2021-04-08,Hainaut,638,136517,821,128813,0,0,7704
4292,2021-04-09,Hainaut,718,137235,783,129596,0,0,7639
4293,2021-04-10,Hainaut,285,137520,496,130092,0,0,7428
4294,2021-04-11,Hainaut,115,137635,108,130200,0,0,7435
4295,2021-04-12,Hainaut,668,138303,783,130983,0,0,7320
4296,2021-04-13,Hainaut,652,138955,797,131780,0,0,7175
4297,2021-04-14,Hainaut,522,139477,694,132474,0,0,7003
4298,2021-04-15,Hainaut,577,140054,653,133127,0,0,6927
4299,2021-04-16,Hainaut,550,140604,676,133803,0,0,6801
4300,2021-04-17,Hainaut,318,140922,390,134193,0,0,6729
4301,2021-04-18,Hainaut,128,141050,131,134324,0,0,6726
4302,2021-04-19,Hainaut,707,141757,157,134481,0,0,7276
4303,2021-04-20,Hainaut,734,142491,716,135197,0,0,7294
4304,2021-04-21,Hainaut,649,143140,682,135879,0,0,7261
4305,2021-04-22,Hainaut,552,143692,638,136517,0,0,7175
4306,2021-04-23,Hainaut,497,144189,718,137235,0,0,6954
4307,2021-04-24,Hainaut,274,144463,285,137520,0,0,6943
4308,2021-04-25,Hainaut,68,144531,115,137635,0,0,6896
4309,2021-04-26,Hainaut,591,145122,668,138303,0,0,6819
4310,2021-04-27,Hainaut,631,145753,652,138955,0,0,6798
4311,2021-04-28,Hainaut,459,146212,522,139477,0,0,6735
4312,2021-04-29,Hainaut,457,146669,577,140054,0,0,6615
4313,2021-04-30,Hainaut,508,147177,550,140604,0,0,6573
4314,2021-05-01,Hainaut,147,147324,318,140922,0,0,6402
4315,2021-05-02,Hainaut,88,147412,128,141050,0,0,6362
4316,2021-05-03,Hainaut,588,148000,707,141757,0,0,6243
4317,2021-05-04,Hainaut,529,148529,734,142491,0,0,6038
4318,2021-05-05,Hainaut,526,149055,649,143140,0,0,5915
4319,2021-05-06,Hainaut,499,149554,552,143692,0,0,5862
4320,2021-05-07,Hainaut,509,150063,497,144189,0,0,5874
4321,2021-05-08,Hainaut,279,150342,274,144463,0,0,5879
4322,2021-05-09,Hainaut,70,150412,68,144531,0,0,5881
4323,2021-05-10,Hainaut,443,150855,591,145122,0,0,5733
4324,2021-05-11,Hainaut,521,151376,631,145753,0,0,5623
4325,2021-05-12,Hainaut,444,151820,459,146212,0,0,5608
4326,2021-05-13,Hainaut,133,151953,457,146669,0,0,5284
4327,2021-05-14,Hainaut,383,152336,508,147177,0,0,5159
4328,2021-05-15,Hainaut,151,152487,147,147324,0,0,5163
4329,2021-05-16,Hainaut,63,152550,88,147412,0,0,5138
4330,2021-05-17,Hainaut,516,153066,588,148000,0,0,5066
4331,2021-05-18,Hainaut,555,153621,529,148529,0,0,5092
4332,2021-05-19,Hainaut,421,154042,526,149055,0,0,4987
4333,2021-05-20,Hainaut,422,154464,499,149554,0,0,4910
4334,2021-05-21,Hainaut,383,154847,509,150063,0,0,4784
4335,2021-05-22,Hainaut,181,155028,279,150342,0,0,4686
4336,2021-05-23,Hainaut,81,155109,70,150412,0,0,4697
4337,2021-05-24,Hainaut,92,155201,443,150855,0,0,4346
4338,2021-05-25,Hainaut,398,155599,521,151376,0,0,4223
4339,2021-05-26,Hainaut,417,156016,444,151820,0,0,4196
4340,2021-05-27,Hainaut,391,156407,133,151953,0,0,4454
4341,2021-05-28,Hainaut,338,156745,383,152336,0,0,4409
4342,2021-05-29,Hainaut,155,156900,151,152487,0,0,4413
4343,2021-05-30,Hainaut,41,156941,63,152550,0,0,4391
4344,2021-05-31,Hainaut,278,157219,516,153066,0,0,4153
4345,2021-06-01,Hainaut,258,157477,555,153621,0,0,3856
4346,2021-06-02,Hainaut,192,157669,421,154042,0,0,3627
4347,2021-06-03,Hainaut,223,157892,422,154464,0,0,3428
4348,2021-06-04,Hainaut,159,158051,383,154847,0,0,3204
4349,2021-06-05,Hainaut,85,158136,181,155028,0,0,3108
4350,2021-06-06,Hainaut,34,158170,81,155109,0,0,3061
4351,2021-06-07,Hainaut,162,158332,92,155201,0,0,3131
4352,2021-06-08,Hainaut,143,158475,398,155599,0,0,2876
4353,2021-06-09,Hainaut,84,158559,417,156016,0,0,2543
4354,2021-06-10,Hainaut,109,158668,391,156407,0,0,2261
4355,2021-06-11,Hainaut,95,158763,338,156745,0,0,2018
4356,2021-06-12,Hainaut,39,158802,155,156900,0,0,1902
4357,2021-06-13,Hainaut,20,158822,41,156941,0,0,1881
4358,2021-06-14,Hainaut,87,158909,278,157219,0,0,1690
4359,2021-06-15,Hainaut,74,158983,258,157477,0,0,1506
4360,2021-06-16,Hainaut,61,159044,192,157669,0,0,1375
4361,2021-06-17,Hainaut,47,159091,223,157892,0,0,1199
4362,2021-06-18,Hainaut,57,159148,159,158051,0,0,1097
4363,2021-06-19,Hainaut,18,159166,85,158136,0,0,1030
4364,2021-06-20,Hainaut,8,159174,34,158170,0,0,1004
4365,2021-06-21,Hainaut,44,159218,162,158332,0,0,886
4366,2021-06-22,Hainaut,41,159259,143,158475,0,0,784
4367,2021-06-23,Hainaut,40,159299,84,158559,0,0,740
4368,2021-06-24,Hainaut,39,159338,109,158668,0,0,670
4369,2021-06-25,Hainaut,31,159369,0,158668,0,0,701
4370,2021-06-26,Hainaut,29,159398,0,158668,0,0,730
4371,2021-06-27,Hainaut,2,159400,0,158668,0,0,732
4372,2021-06-28,Hainaut,0,159400,0,158668,0,0,732
4373,2021-06-29,Hainaut,0,159400,0,158668,0,0,732
4374,2020-03-01,Brussels,6,6,0,0,0,0,6
4375,2020-03-02,Brussels,4,10,0,0,0,0,10
4376,2020-03-03,Brussels,2,12,0,0,0,0,12
4377,2020-03-04,Brussels,5,17,0,0,0,0,17
4378,2020-03-05,Brussels,2,19,0,0,0,0,19
4379,2020-03-06,Brussels,9,28,0,0,0,0,28
4380,2020-03-07,Brussels,5,33,0,0,0,0,33
4381,2020-03-08,Brussels,6,39,0,0,0,0,39
4382,2020-03-09,Brussels,12,51,0,0,0,0,51
4383,2020-03-10,Brussels,13,64,0,0,0,0,64
4384,2020-03-11,Brussels,19,83,0,0,0,0,83
4385,2020-03-12,Brussels,35,118,0,0,0,0,118
4386,2020-03-13,Brussels,40,158,0,0,0,0,158
4387,2020-03-14,Brussels,30,188,0,0,0,0,188
4388,2020-03-15,Brussels,28,216,6,6,0,0,210
4389,2020-03-16,Brussels,62,278,4,10,0,0,268
4390,2020-03-17,Brussels,29,307,2,12,0,0,295
4391,2020-03-18,Brussels,58,365,5,17,0,0,348
4392,2020-03-19,Brussels,55,420,2,19,0,0,401
4393,2020-03-20,Brussels,69,489,9,28,0,0,461
4394,2020-03-21,Brussels,44,533,5,33,0,0,500
4395,2020-03-22,Brussels,63,596,6,39,0,0,557
4396,2020-03-23,Brussels,116,712,12,51,0,0,661
4397,2020-03-24,Brussels,122,834,13,64,0,0,770
4398,2020-03-25,Brussels,142,976,19,83,0,0,893
4399,2020-03-26,Brussels,149,1125,35,118,0,0,1007
4400,2020-03-27,Brussels,185,1310,40,158,0,0,1152
4401,2020-03-28,Brussels,147,1457,30,188,0,0,1269
4402,2020-03-29,Brussels,93,1550,28,216,0,0,1334
4403,2020-03-30,Brussels,138,1688,62,278,0,0,1410
4404,2020-03-31,Brussels,178,1866,29,307,0,0,1559
4405,2020-04-01,Brussels,146,2012,58,365,0,0,1647
4406,2020-04-02,Brussels,155,2167,55,420,0,0,1747
4407,2020-04-03,Brussels,167,2334,69,489,0,0,1845
4408,2020-04-04,Brussels,102,2436,44,533,0,0,1903
4409,2020-04-05,Brussels,82,2518,63,596,0,0,1922
4410,2020-04-06,Brussels,169,2687,116,712,0,0,1975
4411,2020-04-07,Brussels,140,2827,122,834,0,0,1993
4412,2020-04-08,Brussels,174,3001,142,976,0,0,2025
4413,2020-04-09,Brussels,162,3163,149,1125,0,0,2038
4414,2020-04-10,Brussels,141,3304,185,1310,0,0,1994
4415,2020-04-11,Brussels,74,3378,147,1457,0,0,1921
4416,2020-04-12,Brussels,60,3438,93,1550,0,0,1888
4417,2020-04-13,Brussels,73,3511,138,1688,0,0,1823
4418,2020-04-14,Brussels,182,3693,178,1866,0,0,1827
4419,2020-04-15,Brussels,138,3831,146,2012,0,0,1819
4420,2020-04-16,Brussels,191,4022,155,2167,0,0,1855
4421,2020-04-17,Brussels,192,4214,167,2334,0,0,1880
4422,2020-04-18,Brussels,47,4261,102,2436,0,0,1825
4423,2020-04-19,Brussels,36,4297,82,2518,0,0,1779
4424,2020-04-20,Brussels,151,4448,169,2687,0,0,1761
4425,2020-04-21,Brussels,114,4562,140,2827,0,0,1735
4426,2020-04-22,Brussels,64,4626,174,3001,0,0,1625
4427,2020-04-23,Brussels,91,4717,162,3163,0,0,1554
4428,2020-04-24,Brussels,164,4881,141,3304,0,0,1577
4429,2020-04-25,Brussels,32,4913,74,3378,0,0,1535
4430,2020-04-26,Brussels,13,4926,60,3438,0,0,1488
4431,2020-04-27,Brussels,88,5014,73,3511,0,0,1503
4432,2020-04-28,Brussels,41,5055,182,3693,0,0,1362
4433,2020-04-29,Brussels,67,5122,138,3831,0,0,1291
4434,2020-04-30,Brussels,62,5184,191,4022,0,0,1162
4435,2020-05-01,Brussels,11,5195,192,4214,0,0,981
4436,2020-05-02,Brussels,18,5213,47,4261,0,0,952
4437,2020-05-03,Brussels,15,5228,36,4297,0,0,931
4438,2020-05-04,Brussels,61,5289,151,4448,0,0,841
4439,2020-05-05,Brussels,62,5351,114,4562,0,0,789
4440,2020-05-06,Brussels,48,5399,64,4626,0,0,773
4441,2020-05-07,Brussels,43,5442,91,4717,0,0,725
4442,2020-05-08,Brussels,33,5475,164,4881,0,0,594
4443,2020-05-09,Brussels,28,5503,32,4913,0,0,590
4444,2020-05-10,Brussels,12,5515,13,4926,0,0,589
4445,2020-05-11,Brussels,31,5546,88,5014,0,0,532
4446,2020-05-12,Brussels,31,5577,41,5055,0,0,522
4447,2020-05-13,Brussels,33,5610,67,5122,0,0,488
4448,2020-05-14,Brussels,41,5651,62,5184,0,0,467
4449,2020-05-15,Brussels,25,5676,11,5195,0,0,481
4450,2020-05-16,Brussels,19,5695,18,5213,0,0,482
4451,2020-05-17,Brussels,7,5702,15,5228,0,0,474
4452,2020-05-18,Brussels,32,5734,61,5289,0,0,445
4453,2020-05-19,Brussels,35,5769,62,5351,0,0,418
4454,2020-05-20,Brussels,31,5800,48,5399,0,0,401
4455,2020-05-21,Brussels,12,5812,43,5442,0,0,370
4456,2020-05-22,Brussels,27,5839,33,5475,0,0,364
4457,2020-05-23,Brussels,11,5850,28,5503,0,0,347
4458,2020-05-24,Brussels,7,5857,12,5515,0,0,342
4459,2020-05-25,Brussels,31,5888,31,5546,0,0,342
4460,2020-05-26,Brussels,18,5906,31,5577,0,0,329
4461,2020-05-27,Brussels,23,5929,33,5610,0,0,319
4462,2020-05-28,Brussels,10,5939,41,5651,0,0,288
4463,2020-05-29,Brussels,30,5969,25,5676,0,0,293
4464,2020-05-30,Brussels,7,5976,19,5695,0,0,281
4465,2020-05-31,Brussels,5,5981,7,5702,0,0,279
4466,2020-06-01,Brussels,7,5988,32,5734,0,0,254
4467,2020-06-02,Brussels,23,6011,35,5769,0,0,242
4468,2020-06-03,Brussels,23,6034,31,5800,0,0,234
4469,2020-06-04,Brussels,23,6057,12,5812,0,0,245
4470,2020-06-05,Brussels,24,6081,27,5839,0,0,242
4471,2020-06-06,Brussels,4,6085,11,5850,0,0,235
4472,2020-06-07,Brussels,5,6090,7,5857,0,0,233
4473,2020-06-08,Brussels,22,6112,31,5888,0,0,224
4474,2020-06-09,Brussels,25,6137,18,5906,0,0,231
4475,2020-06-10,Brussels,20,6157,23,5929,0,0,228
4476,2020-06-11,Brussels,15,6172,10,5939,0,0,233
4477,2020-06-12,Brussels,19,6191,30,5969,0,0,222
4478,2020-06-13,Brussels,6,6197,7,5976,0,0,221
4479,2020-06-14,Brussels,2,6199,5,5981,0,0,218
4480,2020-06-15,Brussels,18,6217,7,5988,0,0,229
4481,2020-06-16,Brussels,11,6228,23,6011,0,0,217
4482,2020-06-17,Brussels,7,6235,23,6034,0,0,201
4483,2020-06-18,Brussels,18,6253,23,6057,0,0,196
4484,2020-06-19,Brussels,19,6272,24,6081,0,0,191
4485,2020-06-20,Brussels,3,6275,4,6085,0,0,190
4486,2020-06-21,Brussels,0,6275,5,6090,0,0,185
4487,2020-06-22,Brussels,17,6292,22,6112,0,0,180
4488,2020-06-23,Brussels,14,6306,25,6137,0,0,169
4489,2020-06-24,Brussels,8,6314,20,6157,0,0,157
4490,2020-06-25,Brussels,9,6323,15,6172,0,0,151
4491,2020-06-26,Brussels,23,6346,19,6191,0,0,155
4492,2020-06-27,Brussels,7,6353,6,6197,0,0,156
4493,2020-06-28,Brussels,0,6353,2,6199,0,0,154
4494,2020-06-29,Brussels,29,6382,18,6217,0,0,165
4495,2020-06-30,Brussels,23,6405,11,6228,0,0,177
4496,2020-07-01,Brussels,22,6427,7,6235,0,0,192
4497,2020-07-02,Brussels,22,6449,18,6253,0,0,196
4498,2020-07-03,Brussels,10,6459,19,6272,0,0,187
4499,2020-07-04,Brussels,3,6462,3,6275,0,0,187
4500,2020-07-05,Brussels,1,6463,0,6275,0,0,188
4501,2020-07-06,Brussels,23,6486,17,6292,0,0,194
4502,2020-07-07,Brussels,8,6494,14,6306,0,0,188
4503,2020-07-08,Brussels,13,6507,8,6314,0,0,193
4504,2020-07-09,Brussels,28,6535,9,6323,0,0,212
4505,2020-07-10,Brussels,19,6554,23,6346,0,0,208
4506,2020-07-11,Brussels,2,6556,7,6353,0,0,203
4507,2020-07-12,Brussels,4,6560,0,6353,0,0,207
4508,2020-07-13,Brussels,27,6587,29,6382,0,0,205
4509,2020-07-14,Brussels,30,6617,23,6405,0,0,212
4510,2020-07-15,Brussels,25,6642,22,6427,0,0,215
4511,2020-07-16,Brussels,23,6665,22,6449,0,0,216
4512,2020-07-17,Brussels,18,6683,10,6459,0,0,224
4513,2020-07-18,Brussels,9,6692,3,6462,0,0,230
4514,2020-07-19,Brussels,2,6694,1,6463,0,0,231
4515,2020-07-20,Brussels,27,6721,23,6486,0,0,235
4516,2020-07-21,Brussels,9,6730,8,6494,0,0,236
4517,2020-07-22,Brussels,42,6772,13,6507,0,0,265
4518,2020-07-23,Brussels,43,6815,28,6535,0,0,280
4519,2020-07-24,Brussels,29,6844,19,6554,0,0,290
4520,2020-07-25,Brussels,18,6862,2,6556,0,0,306
4521,2020-07-26,Brussels,4,6866,4,6560,0,0,306
4522,2020-07-27,Brussels,48,6914,27,6587,0,0,327
4523,2020-07-28,Brussels,86,7000,30,6617,0,0,383
4524,2020-07-29,Brussels,96,7096,25,6642,0,0,454
4525,2020-07-30,Brussels,90,7186,23,6665,0,0,521
4526,2020-07-31,Brussels,68,7254,18,6683,0,0,571
4527,2020-08-01,Brussels,31,7285,9,6692,0,0,593
4528,2020-08-02,Brussels,20,7305,2,6694,0,0,611
4529,2020-08-03,Brussels,99,7404,27,6721,0,0,683
4530,2020-08-04,Brussels,137,7541,9,6730,0,0,811
4531,2020-08-05,Brussels,142,7683,42,6772,0,0,911
4532,2020-08-06,Brussels,104,7787,43,6815,0,0,972
4533,2020-08-07,Brussels,144,7931,29,6844,0,0,1087
4534,2020-08-08,Brussels,61,7992,18,6862,0,0,1130
4535,2020-08-09,Brussels,32,8024,4,6866,0,0,1158
4536,2020-08-10,Brussels,174,8198,48,6914,0,0,1284
4537,2020-08-11,Brussels,151,8349,86,7000,0,0,1349
4538,2020-08-12,Brussels,157,8506,96,7096,0,0,1410
4539,2020-08-13,Brussels,161,8667,90,7186,0,0,1481
4540,2020-08-14,Brussels,137,8804,68,7254,0,0,1550
4541,2020-08-15,Brussels,23,8827,31,7285,0,0,1542
4542,2020-08-16,Brussels,20,8847,20,7305,0,0,1542
4543,2020-08-17,Brussels,172,9019,99,7404,0,0,1615
4544,2020-08-18,Brussels,219,9238,137,7541,0,0,1697
4545,2020-08-19,Brussels,185,9423,142,7683,0,0,1740
4546,2020-08-20,Brussels,142,9565,104,7787,0,0,1778
4547,2020-08-21,Brussels,144,9709,144,7931,0,0,1778
4548,2020-08-22,Brussels,46,9755,61,7992,0,0,1763
4549,2020-08-23,Brussels,21,9776,32,8024,0,0,1752
4550,2020-08-24,Brussels,140,9916,174,8198,0,0,1718
4551,2020-08-25,Brussels,162,10078,151,8349,0,0,1729
4552,2020-08-26,Brussels,147,10225,157,8506,0,0,1719
4553,2020-08-27,Brussels,140,10365,161,8667,0,0,1698
4554,2020-08-28,Brussels,165,10530,137,8804,0,0,1726
4555,2020-08-29,Brussels,40,10570,23,8827,0,0,1743
4556,2020-08-30,Brussels,27,10597,20,8847,0,0,1750
4557,2020-08-31,Brussels,137,10734,172,9019,0,0,1715
4558,2020-09-01,Brussels,162,10896,219,9238,0,0,1658
4559,2020-09-02,Brussels,150,11046,185,9423,0,0,1623
4560,2020-09-03,Brussels,193,11239,142,9565,0,0,1674
4561,2020-09-04,Brussels,173,11412,144,9709,0,0,1703
4562,2020-09-05,Brussels,97,11509,46,9755,0,0,1754
4563,2020-09-06,Brussels,32,11541,21,9776,0,0,1765
4564,2020-09-07,Brussels,188,11729,140,9916,0,0,1813
4565,2020-09-08,Brussels,214,11943,162,10078,0,0,1865
4566,2020-09-09,Brussels,235,12178,147,10225,0,0,1953
4567,2020-09-10,Brussels,234,12412,140,10365,0,0,2047
4568,2020-09-11,Brussels,290,12702,165,10530,0,0,2172
4569,2020-09-12,Brussels,110,12812,40,10570,0,0,2242
4570,2020-09-13,Brussels,57,12869,27,10597,0,0,2272
4571,2020-09-14,Brussels,350,13219,137,10734,0,0,2485
4572,2020-09-15,Brussels,362,13581,162,10896,0,0,2685
4573,2020-09-16,Brussels,441,14022,150,11046,0,0,2976
4574,2020-09-17,Brussels,433,14455,193,11239,0,0,3216
4575,2020-09-18,Brussels,410,14865,173,11412,0,0,3453
4576,2020-09-19,Brussels,137,15002,97,11509,0,0,3493
4577,2020-09-20,Brussels,57,15059,32,11541,0,0,3518
4578,2020-09-21,Brussels,504,15563,188,11729,0,0,3834
4579,2020-09-22,Brussels,446,16009,214,11943,0,0,4066
4580,2020-09-23,Brussels,491,16500,235,12178,0,0,4322
4581,2020-09-24,Brussels,358,16858,234,12412,0,0,4446
4582,2020-09-25,Brussels,363,17221,290,12702,0,0,4519
4583,2020-09-26,Brussels,230,17451,110,12812,0,0,4639
4584,2020-09-27,Brussels,108,17559,57,12869,0,0,4690
4585,2020-09-28,Brussels,616,18175,350,13219,0,0,4956
4586,2020-09-29,Brussels,742,18917,362,13581,0,0,5336
4587,2020-09-30,Brussels,698,19615,441,14022,0,0,5593
4588,2020-10-01,Brussels,768,20383,433,14455,0,0,5928
4589,2020-10-02,Brussels,819,21202,410,14865,0,0,6337
4590,2020-10-03,Brussels,317,21519,137,15002,0,0,6517
4591,2020-10-04,Brussels,117,21636,57,15059,0,0,6577
4592,2020-10-05,Brussels,997,22633,504,15563,0,0,7070
4593,2020-10-06,Brussels,1130,23763,446,16009,0,0,7754
4594,2020-10-07,Brussels,1278,25041,491,16500,0,0,8541
4595,2020-10-08,Brussels,1253,26294,358,16858,0,0,9436
4596,2020-10-09,Brussels,1390,27684,363,17221,0,0,10463
4597,2020-10-10,Brussels,496,28180,230,17451,0,0,10729
4598,2020-10-11,Brussels,269,28449,108,17559,0,0,10890
4599,2020-10-12,Brussels,1423,29872,616,18175,0,0,11697
4600,2020-10-13,Brussels,2030,31902,742,18917,0,0,12985
4601,2020-10-14,Brussels,1914,33816,698,19615,0,0,14201
4602,2020-10-15,Brussels,1794,35610,768,20383,0,0,15227
4603,2020-10-16,Brussels,2323,37933,819,21202,0,0,16731
4604,2020-10-17,Brussels,913,38846,317,21519,0,0,17327
4605,2020-10-18,Brussels,253,39099,117,21636,0,0,17463
4606,2020-10-19,Brussels,2485,41584,997,22633,0,0,18951
4607,2020-10-20,Brussels,2991,44575,1130,23763,0,0,20812
4608,2020-10-21,Brussels,2271,46846,1278,25041,0,0,21805
4609,2020-10-22,Brussels,2687,49533,1253,26294,0,0,23239
4610,2020-10-23,Brussels,2598,52131,1390,27684,0,0,24447
4611,2020-10-24,Brussels,1216,53347,496,28180,0,0,25167
4612,2020-10-25,Brussels,350,53697,269,28449,0,0,25248
4613,2020-10-26,Brussels,2228,55925,1423,29872,0,0,26053
4614,2020-10-27,Brussels,2552,58477,2030,31902,0,0,26575
4615,2020-10-28,Brussels,2015,60492,1914,33816,0,0,26676
4616,2020-10-29,Brussels,1601,62093,1794,35610,0,0,26483
4617,2020-10-30,Brussels,1580,63673,2323,37933,0,0,25740
4618,2020-10-31,Brussels,661,64334,913,38846,0,0,25488
4619,2020-11-01,Brussels,181,64515,253,39099,0,0,25416
4620,2020-11-02,Brussels,1496,66011,2485,41584,0,0,24427
4621,2020-11-03,Brussels,1188,67199,2991,44575,0,0,22624
4622,2020-11-04,Brussels,879,68078,2271,46846,0,0,21232
4623,2020-11-05,Brussels,768,68846,2687,49533,0,0,19313
4624,2020-11-06,Brussels,610,69456,2598,52131,0,0,17325
4625,2020-11-07,Brussels,313,69769,1216,53347,0,0,16422
4626,2020-11-08,Brussels,76,69845,350,53697,0,0,16148
4627,2020-11-09,Brussels,816,70661,2228,55925,0,0,14736
4628,2020-11-10,Brussels,727,71388,2552,58477,0,0,12911
4629,2020-11-11,Brussels,164,71552,2015,60492,0,0,11060
4630,2020-11-12,Brussels,578,72130,1601,62093,0,0,10037
4631,2020-11-13,Brussels,501,72631,1580,63673,0,0,8958
4632,2020-11-14,Brussels,208,72839,661,64334,0,0,8505
4633,2020-11-15,Brussels,68,72907,181,64515,0,0,8392
4634,2020-11-16,Brussels,519,73426,1496,66011,0,0,7415
4635,2020-11-17,Brussels,450,73876,1188,67199,0,0,6677
4636,2020-11-18,Brussels,416,74292,879,68078,0,0,6214
4637,2020-11-19,Brussels,314,74606,768,68846,0,0,5760
4638,2020-11-20,Brussels,324,74930,610,69456,0,0,5474
4639,2020-11-21,Brussels,108,75038,313,69769,0,0,5269
4640,2020-11-22,Brussels,40,75078,76,69845,0,0,5233
4641,2020-11-23,Brussels,361,75439,816,70661,0,0,4778
4642,2020-11-24,Brussels,306,75745,727,71388,0,0,4357
4643,2020-11-25,Brussels,187,75932,164,71552,0,0,4380
4644,2020-11-26,Brussels,258,76190,578,72130,0,0,4060
4645,2020-11-27,Brussels,201,76391,501,72631,0,0,3760
4646,2020-11-28,Brussels,94,76485,208,72839,0,0,3646
4647,2020-11-29,Brussels,40,76525,68,72907,0,0,3618
4648,2020-11-30,Brussels,234,76759,519,73426,0,0,3333
4649,2020-12-01,Brussels,269,77028,450,73876,0,0,3152
4650,2020-12-02,Brussels,198,77226,416,74292,0,0,2934
4651,2020-12-03,Brussels,172,77398,314,74606,0,0,2792
4652,2020-12-04,Brussels,167,77565,324,74930,0,0,2635
4653,2020-12-05,Brussels,103,77668,108,75038,0,0,2630
4654,2020-12-06,Brussels,23,77691,40,75078,0,0,2613
4655,2020-12-07,Brussels,200,77891,361,75439,0,0,2452
4656,2020-12-08,Brussels,175,78066,306,75745,0,0,2321
4657,2020-12-09,Brussels,191,78257,187,75932,0,0,2325
4658,2020-12-10,Brussels,195,78452,258,76190,0,0,2262
4659,2020-12-11,Brussels,188,78640,201,76391,0,0,2249
4660,2020-12-12,Brussels,94,78734,94,76485,0,0,2249
4661,2020-12-13,Brussels,33,78767,40,76525,0,0,2242
4662,2020-12-14,Brussels,207,78974,234,76759,0,0,2215
4663,2020-12-15,Brussels,262,79236,269,77028,0,0,2208
4664,2020-12-16,Brussels,209,79445,198,77226,0,0,2219
4665,2020-12-17,Brussels,212,79657,172,77398,0,0,2259
4666,2020-12-18,Brussels,222,79879,167,77565,0,0,2314
4667,2020-12-19,Brussels,151,80030,103,77668,0,0,2362
4668,2020-12-20,Brussels,40,80070,23,77691,0,0,2379
4669,2020-12-21,Brussels,206,80276,200,77891,0,0,2385
4670,2020-12-22,Brussels,222,80498,175,78066,0,0,2432
4671,2020-12-23,Brussels,159,80657,191,78257,0,0,2400
4672,2020-12-24,Brussels,135,80792,195,78452,0,0,2340
4673,2020-12-25,Brussels,43,80835,188,78640,0,0,2195
4674,2020-12-26,Brussels,99,80934,94,78734,0,0,2200
4675,2020-12-27,Brussels,30,80964,33,78767,0,0,2197
4676,2020-12-28,Brussels,189,81153,207,78974,0,0,2179
4677,2020-12-29,Brussels,197,81350,262,79236,0,0,2114
4678,2020-12-30,Brussels,163,81513,209,79445,0,0,2068
4679,2020-12-31,Brussels,142,81655,212,79657,0,0,1998
4680,2021-01-01,Brussels,53,81708,222,79879,0,0,1829
4681,2021-01-02,Brussels,105,81813,151,80030,0,0,1783
4682,2021-01-03,Brussels,168,81981,40,80070,0,0,1911
4683,2021-01-04,Brussels,252,82233,206,80276,0,0,1957
4684,2021-01-05,Brussels,408,82641,222,80498,0,0,2143
4685,2021-01-06,Brussels,296,82937,159,80657,0,0,2280
4686,2021-01-07,Brussels,274,83211,135,80792,0,0,2419
4687,2021-01-08,Brussels,276,83487,43,80835,0,0,2652
4688,2021-01-09,Brussels,274,83761,99,80934,0,0,2827
4689,2021-01-10,Brussels,160,83921,30,80964,0,0,2957
4690,2021-01-11,Brussels,335,84256,189,81153,0,0,3103
4691,2021-01-12,Brussels,275,84531,197,81350,0,0,3181
4692,2021-01-13,Brussels,242,84773,163,81513,0,0,3260
4693,2021-01-14,Brussels,203,84976,142,81655,0,0,3321
4694,2021-01-15,Brussels,209,85185,53,81708,0,0,3477
4695,2021-01-16,Brussels,127,85312,105,81813,0,0,3499
4696,2021-01-17,Brussels,123,85435,168,81981,0,0,3454
4697,2021-01-18,Brussels,282,85717,252,82233,0,0,3484
4698,2021-01-19,Brussels,254,85971,408,82641,0,0,3330
4699,2021-01-20,Brussels,198,86169,296,82937,0,0,3232
4700,2021-01-21,Brussels,224,86393,274,83211,0,0,3182
4701,2021-01-22,Brussels,273,86666,276,83487,0,0,3179
4702,2021-01-23,Brussels,181,86847,274,83761,0,0,3086
4703,2021-01-24,Brussels,79,86926,160,83921,0,0,3005
4704,2021-01-25,Brussels,271,87197,335,84256,0,0,2941
4705,2021-01-26,Brussels,191,87388,275,84531,0,0,2857
4706,2021-01-27,Brussels,193,87581,242,84773,0,0,2808
4707,2021-01-28,Brussels,236,87817,203,84976,0,0,2841
4708,2021-01-29,Brussels,303,88120,209,85185,0,0,2935
4709,2021-01-30,Brussels,215,88335,127,85312,0,0,3023
4710,2021-01-31,Brussels,79,88414,123,85435,0,0,2979
4711,2021-02-01,Brussels,352,88766,282,85717,0,0,3049
4712,2021-02-02,Brussels,276,89042,254,85971,0,0,3071
4713,2021-02-03,Brussels,241,89283,198,86169,0,0,3114
4714,2021-02-04,Brussels,278,89561,224,86393,0,0,3168
4715,2021-02-05,Brussels,277,89838,273,86666,0,0,3172
4716,2021-02-06,Brussels,159,89997,181,86847,0,0,3150
4717,2021-02-07,Brussels,73,90070,79,86926,0,0,3144
4718,2021-02-08,Brussels,255,90325,271,87197,0,0,3128
4719,2021-02-09,Brussels,325,90650,191,87388,0,0,3262
4720,2021-02-10,Brussels,244,90894,193,87581,0,0,3313
4721,2021-02-11,Brussels,229,91123,236,87817,0,0,3306
4722,2021-02-12,Brussels,231,91354,303,88120,0,0,3234
4723,2021-02-13,Brussels,181,91535,215,88335,0,0,3200
4724,2021-02-14,Brussels,71,91606,79,88414,0,0,3192
4725,2021-02-15,Brussels,302,91908,352,88766,0,0,3142
4726,2021-02-16,Brussels,287,92195,276,89042,0,0,3153
4727,2021-02-17,Brussels,281,92476,241,89283,0,0,3193
4728,2021-02-18,Brussels,314,92790,278,89561,0,0,3229
4729,2021-02-19,Brussels,324,93114,277,89838,0,0,3276
4730,2021-02-20,Brussels,220,93334,159,89997,0,0,3337
4731,2021-02-21,Brussels,103,93437,73,90070,0,0,3367
4732,2021-02-22,Brussels,421,93858,255,90325,0,0,3533
4733,2021-02-23,Brussels,340,94198,325,90650,0,0,3548
4734,2021-02-24,Brussels,340,94538,244,90894,0,0,3644
4735,2021-02-25,Brussels,350,94888,229,91123,0,0,3765
4736,2021-02-26,Brussels,400,95288,231,91354,0,0,3934
4737,2021-02-27,Brussels,291,95579,181,91535,0,0,4044
4738,2021-02-28,Brussels,133,95712,71,91606,0,0,4106
4739,2021-03-01,Brussels,434,96146,302,91908,0,0,4238
4740,2021-03-02,Brussels,357,96503,287,92195,0,0,4308
4741,2021-03-03,Brussels,377,96880,281,92476,0,0,4404
4742,2021-03-04,Brussels,325,97205,314,92790,0,0,4415
4743,2021-03-05,Brussels,340,97545,324,93114,0,0,4431
4744,2021-03-06,Brussels,206,97751,220,93334,0,0,4417
4745,2021-03-07,Brussels,103,97854,103,93437,0,0,4417
4746,2021-03-08,Brussels,495,98349,421,93858,0,0,4491
4747,2021-03-09,Brussels,453,98802,340,94198,0,0,4604
4748,2021-03-10,Brussels,479,99281,340,94538,0,0,4743
4749,2021-03-11,Brussels,481,99762,350,94888,0,0,4874
4750,2021-03-12,Brussels,485,100247,400,95288,0,0,4959
4751,2021-03-13,Brussels,352,100599,291,95579,0,0,5020
4752,2021-03-14,Brussels,215,100814,133,95712,0,0,5102
4753,2021-03-15,Brussels,653,101467,434,96146,0,0,5321
4754,2021-03-16,Brussels,647,102114,357,96503,0,0,5611
4755,2021-03-17,Brussels,590,102704,377,96880,0,0,5824
4756,2021-03-18,Brussels,678,103382,325,97205,0,0,6177
4757,2021-03-19,Brussels,593,103975,340,97545,0,0,6430
4758,2021-03-20,Brussels,365,104340,206,97751,0,0,6589
4759,2021-03-21,Brussels,212,104552,103,97854,0,0,6698
4760,2021-03-22,Brussels,740,105292,495,98349,0,0,6943
4761,2021-03-23,Brussels,752,106044,453,98802,0,0,7242
4762,2021-03-24,Brussels,732,106776,479,99281,0,0,7495
4763,2021-03-25,Brussels,716,107492,481,99762,0,0,7730
4764,2021-03-26,Brussels,757,108249,485,100247,0,0,8002
4765,2021-03-27,Brussels,421,108670,352,100599,0,0,8071
4766,2021-03-28,Brussels,253,108923,215,100814,0,0,8109
4767,2021-03-29,Brussels,656,109579,653,101467,0,0,8112
4768,2021-03-30,Brussels,542,110121,647,102114,0,0,8007
4769,2021-03-31,Brussels,533,110654,590,102704,0,0,7950
4770,2021-04-01,Brussels,612,111266,678,103382,0,0,7884
4771,2021-04-02,Brussels,561,111827,593,103975,0,0,7852
4772,2021-04-03,Brussels,450,112277,365,104340,0,0,7937
4773,2021-04-04,Brussels,203,112480,212,104552,0,0,7928
4774,2021-04-05,Brussels,248,112728,740,105292,0,0,7436
4775,2021-04-06,Brussels,531,113259,752,106044,0,0,7215
4776,2021-04-07,Brussels,494,113753,732,106776,0,0,6977
4777,2021-04-08,Brussels,540,114293,716,107492,0,0,6801
4778,2021-04-09,Brussels,504,114797,757,108249,0,0,6548
4779,2021-04-10,Brussels,282,115079,421,108670,0,0,6409
4780,2021-04-11,Brussels,165,115244,253,108923,0,0,6321
4781,2021-04-12,Brussels,484,115728,656,109579,0,0,6149
4782,2021-04-13,Brussels,411,116139,542,110121,0,0,6018
4783,2021-04-14,Brussels,486,116625,533,110654,0,0,5971
4784,2021-04-15,Brussels,414,117039,612,111266,0,0,5773
4785,2021-04-16,Brussels,515,117554,561,111827,0,0,5727
4786,2021-04-17,Brussels,389,117943,450,112277,0,0,5666
4787,2021-04-18,Brussels,274,118217,203,112480,0,0,5737
4788,2021-04-19,Brussels,631,118848,248,112728,0,0,6120
4789,2021-04-20,Brussels,555,119403,531,113259,0,0,6144
4790,2021-04-21,Brussels,448,119851,494,113753,0,0,6098
4791,2021-04-22,Brussels,444,120295,540,114293,0,0,6002
4792,2021-04-23,Brussels,423,120718,504,114797,0,0,5921
4793,2021-04-24,Brussels,249,120967,282,115079,0,0,5888
4794,2021-04-25,Brussels,180,121147,165,115244,0,0,5903
4795,2021-04-26,Brussels,408,121555,484,115728,0,0,5827
4796,2021-04-27,Brussels,415,121970,411,116139,0,0,5831
4797,2021-04-28,Brussels,356,122326,486,116625,0,0,5701
4798,2021-04-29,Brussels,361,122687,414,117039,0,0,5648
4799,2021-04-30,Brussels,348,123035,515,117554,0,0,5481
4800,2021-05-01,Brussels,200,123235,389,117943,0,0,5292
4801,2021-05-02,Brussels,172,123407,274,118217,0,0,5190
4802,2021-05-03,Brussels,415,123822,631,118848,0,0,4974
4803,2021-05-04,Brussels,374,124196,555,119403,0,0,4793
4804,2021-05-05,Brussels,376,124572,448,119851,0,0,4721
4805,2021-05-06,Brussels,376,124948,444,120295,0,0,4653
4806,2021-05-07,Brussels,275,125223,423,120718,0,0,4505
4807,2021-05-08,Brussels,187,125410,249,120967,0,0,4443
4808,2021-05-09,Brussels,133,125543,180,121147,0,0,4396
4809,2021-05-10,Brussels,277,125820,408,121555,0,0,4265
4810,2021-05-11,Brussels,271,126091,415,121970,0,0,4121
4811,2021-05-12,Brussels,263,126354,356,122326,0,0,4028
4812,2021-05-13,Brussels,141,126495,361,122687,0,0,3808
4813,2021-05-14,Brussels,247,126742,348,123035,0,0,3707
4814,2021-05-15,Brussels,197,126939,200,123235,0,0,3704
4815,2021-05-16,Brussels,130,127069,172,123407,0,0,3662
4816,2021-05-17,Brussels,361,127430,415,123822,0,0,3608
4817,2021-05-18,Brussels,308,127738,374,124196,0,0,3542
4818,2021-05-19,Brussels,397,128135,376,124572,0,0,3563
4819,2021-05-20,Brussels,255,128390,376,124948,0,0,3442
4820,2021-05-21,Brussels,277,128667,275,125223,0,0,3444
4821,2021-05-22,Brussels,233,128900,187,125410,0,0,3490
4822,2021-05-23,Brussels,67,128967,133,125543,0,0,3424
4823,2021-05-24,Brussels,173,129140,277,125820,0,0,3320
4824,2021-05-25,Brussels,308,129448,271,126091,0,0,3357
4825,2021-05-26,Brussels,262,129710,263,126354,0,0,3356
4826,2021-05-27,Brussels,260,129970,141,126495,0,0,3475
4827,2021-05-28,Brussels,214,130184,247,126742,0,0,3442
4828,2021-05-29,Brussels,133,130317,197,126939,0,0,3378
4829,2021-05-30,Brussels,90,130407,130,127069,0,0,3338
4830,2021-05-31,Brussels,232,130639,361,127430,0,0,3209
4831,2021-06-01,Brussels,182,130821,308,127738,0,0,3083
4832,2021-06-02,Brussels,223,131044,397,128135,0,0,2909
4833,2021-06-03,Brussels,192,131236,255,128390,0,0,2846
4834,2021-06-04,Brussels,199,131435,277,128667,0,0,2768
4835,2021-06-05,Brussels,101,131536,233,128900,0,0,2636
4836,2021-06-06,Brussels,69,131605,67,128967,0,0,2638
4837,2021-06-07,Brussels,177,131782,173,129140,0,0,2642
4838,2021-06-08,Brussels,153,131935,308,129448,0,0,2487
4839,2021-06-09,Brussels,144,132079,262,129710,0,0,2369
4840,2021-06-10,Brussels,121,132200,260,129970,0,0,2230
4841,2021-06-11,Brussels,123,132323,214,130184,0,0,2139
4842,2021-06-12,Brussels,68,132391,133,130317,0,0,2074
4843,2021-06-13,Brussels,36,132427,90,130407,0,0,2020
4844,2021-06-14,Brussels,105,132532,232,130639,0,0,1893
4845,2021-06-15,Brussels,70,132602,182,130821,0,0,1781
4846,2021-06-16,Brussels,64,132666,223,131044,0,0,1622
4847,2021-06-17,Brussels,101,132767,192,131236,0,0,1531
4848,2021-06-18,Brussels,64,132831,199,131435,0,0,1396
4849,2021-06-19,Brussels,69,132900,101,131536,0,0,1364
4850,2021-06-20,Brussels,23,132923,69,131605,0,0,1318
4851,2021-06-21,Brussels,77,133000,177,131782,0,0,1218
4852,2021-06-22,Brussels,65,133065,153,131935,0,0,1130
4853,2021-06-23,Brussels,72,133137,144,132079,0,0,1058
4854,2021-06-24,Brussels,70,133207,121,132200,0,0,1007
4855,2021-06-25,Brussels,80,133287,123,132323,0,0,964
4856,2021-06-26,Brussels,51,133338,0,132323,0,0,1015
4857,2021-06-27,Brussels,18,133356,0,132323,0,0,1033
4858,2021-06-28,Brussels,0,133356,0,132323,0,0,1033
4859,2021-06-29,Brussels,0,133356,0,132323,0,0,1033
4860,2020-03-01,BrabantWallon,0,0,0,0,0,0,0
4861,2020-03-02,BrabantWallon,2,2,0,0,0,0,2
4862,2020-03-03,BrabantWallon,3,5,0,0,0,0,5
4863,2020-03-04,BrabantWallon,1,6,0,0,0,0,6
4864,2020-03-05,BrabantWallon,3,9,0,0,0,0,9
4865,2020-03-06,BrabantWallon,4,13,0,0,0,0,13
4866,2020-03-07,BrabantWallon,1,14,0,0,0,0,14
4867,2020-03-08,BrabantWallon,1,15,0,0,0,0,15
4868,2020-03-09,BrabantWallon,5,20,0,0,0,0,20
4869,2020-03-10,BrabantWallon,3,23,0,0,0,0,23
4870,2020-03-11,BrabantWallon,2,25,0,0,0,0,25
4871,2020-03-12,BrabantWallon,7,32,0,0,0,0,32
4872,2020-03-13,BrabantWallon,13,45,0,0,0,0,45
4873,2020-03-14,BrabantWallon,4,49,0,0,0,0,49
4874,2020-03-15,BrabantWallon,6,55,0,0,0,0,55
4875,2020-03-16,BrabantWallon,17,72,2,2,0,0,70
4876,2020-03-17,BrabantWallon,18,90,3,5,0,0,85
4877,2020-03-18,BrabantWallon,25,115,1,6,0,0,109
4878,2020-03-19,BrabantWallon,26,141,3,9,0,0,132
4879,2020-03-20,BrabantWallon,19,160,4,13,0,0,147
4880,2020-03-21,BrabantWallon,14,174,1,14,0,0,160
4881,2020-03-22,BrabantWallon,23,197,1,15,0,0,182
4882,2020-03-23,BrabantWallon,31,228,5,20,0,0,208
4883,2020-03-24,BrabantWallon,34,262,3,23,0,0,239
4884,2020-03-25,BrabantWallon,21,283,2,25,0,0,258
4885,2020-03-26,BrabantWallon,29,312,7,32,0,0,280
4886,2020-03-27,BrabantWallon,43,355,13,45,0,0,310
4887,2020-03-28,BrabantWallon,15,370,4,49,0,0,321
4888,2020-03-29,BrabantWallon,14,384,6,55,0,0,329
4889,2020-03-30,BrabantWallon,36,420,17,72,0,0,348
4890,2020-03-31,BrabantWallon,28,448,18,90,0,0,358
4891,2020-04-01,BrabantWallon,40,488,25,115,0,0,373
4892,2020-04-02,BrabantWallon,29,517,26,141,0,0,376
4893,2020-04-03,BrabantWallon,45,562,19,160,0,0,402
4894,2020-04-04,BrabantWallon,14,576,14,174,0,0,402
4895,2020-04-05,BrabantWallon,16,592,23,197,0,0,395
4896,2020-04-06,BrabantWallon,48,640,31,228,0,0,412
4897,2020-04-07,BrabantWallon,33,673,34,262,0,0,411
4898,2020-04-08,BrabantWallon,40,713,21,283,0,0,430
4899,2020-04-09,BrabantWallon,53,766,29,312,0,0,454
4900,2020-04-10,BrabantWallon,34,800,43,355,0,0,445
4901,2020-04-11,BrabantWallon,13,813,15,370,0,0,443
4902,2020-04-12,BrabantWallon,5,818,14,384,0,0,434
4903,2020-04-13,BrabantWallon,6,824,36,420,0,0,404
4904,2020-04-14,BrabantWallon,63,887,28,448,0,0,439
4905,2020-04-15,BrabantWallon,38,925,40,488,0,0,437
4906,2020-04-16,BrabantWallon,42,967,29,517,0,0,450
4907,2020-04-17,BrabantWallon,34,1001,45,562,0,0,439
4908,2020-04-18,BrabantWallon,30,1031,14,576,0,0,455
4909,2020-04-19,BrabantWallon,17,1048,16,592,0,0,456
4910,2020-04-20,BrabantWallon,48,1096,48,640,0,0,456
4911,2020-04-21,BrabantWallon,32,1128,33,673,0,0,455
4912,2020-04-22,BrabantWallon,52,1180,40,713,0,0,467
4913,2020-04-23,BrabantWallon,16,1196,53,766,0,0,430
4914,2020-04-24,BrabantWallon,14,1210,34,800,0,0,410
4915,2020-04-25,BrabantWallon,36,1246,13,813,0,0,433
4916,2020-04-26,BrabantWallon,6,1252,5,818,0,0,434
4917,2020-04-27,BrabantWallon,13,1265,6,824,0,0,441
4918,2020-04-28,BrabantWallon,9,1274,63,887,0,0,387
4919,2020-04-29,BrabantWallon,8,1282,38,925,0,0,357
4920,2020-04-30,BrabantWallon,5,1287,42,967,0,0,320
4921,2020-05-01,BrabantWallon,1,1288,34,1001,0,0,287
4922,2020-05-02,BrabantWallon,8,1296,30,1031,0,0,265
4923,2020-05-03,BrabantWallon,5,1301,17,1048,0,0,253
4924,2020-05-04,BrabantWallon,8,1309,48,1096,0,0,213
4925,2020-05-05,BrabantWallon,11,1320,32,1128,0,0,192
4926,2020-05-06,BrabantWallon,13,1333,52,1180,0,0,153
4927,2020-05-07,BrabantWallon,9,1342,16,1196,0,0,146
4928,2020-05-08,BrabantWallon,13,1355,14,1210,0,0,145
4929,2020-05-09,BrabantWallon,7,1362,36,1246,0,0,116
4930,2020-05-10,BrabantWallon,6,1368,6,1252,0,0,116
4931,2020-05-11,BrabantWallon,8,1376,13,1265,0,0,111
4932,2020-05-12,BrabantWallon,3,1379,9,1274,0,0,105
4933,2020-05-13,BrabantWallon,8,1387,8,1282,0,0,105
4934,2020-05-14,BrabantWallon,9,1396,5,1287,0,0,109
4935,2020-05-15,BrabantWallon,5,1401,1,1288,0,0,113
4936,2020-05-16,BrabantWallon,4,1405,8,1296,0,0,109
4937,2020-05-17,BrabantWallon,3,1408,5,1301,0,0,107
4938,2020-05-18,BrabantWallon,6,1414,8,1309,0,0,105
4939,2020-05-19,BrabantWallon,9,1423,11,1320,0,0,103
4940,2020-05-20,BrabantWallon,9,1432,13,1333,0,0,99
4941,2020-05-21,BrabantWallon,2,1434,9,1342,0,0,92
4942,2020-05-22,BrabantWallon,4,1438,13,1355,0,0,83
4943,2020-05-23,BrabantWallon,5,1443,7,1362,0,0,81
4944,2020-05-24,BrabantWallon,4,1447,6,1368,0,0,79
4945,2020-05-25,BrabantWallon,5,1452,8,1376,0,0,76
4946,2020-05-26,BrabantWallon,4,1456,3,1379,0,0,77
4947,2020-05-27,BrabantWallon,1,1457,8,1387,0,0,70
4948,2020-05-28,BrabantWallon,3,1460,9,1396,0,0,64
4949,2020-05-29,BrabantWallon,5,1465,5,1401,0,0,64
4950,2020-05-30,BrabantWallon,3,1468,4,1405,0,0,63
4951,2020-05-31,BrabantWallon,2,1470,3,1408,0,0,62
4952,2020-06-01,BrabantWallon,2,1472,6,1414,0,0,58
4953,2020-06-02,BrabantWallon,1,1473,9,1423,0,0,50
4954,2020-06-03,BrabantWallon,7,1480,9,1432,0,0,48
4955,2020-06-04,BrabantWallon,7,1487,2,1434,0,0,53
4956,2020-06-05,BrabantWallon,3,1490,4,1438,0,0,52
4957,2020-06-06,BrabantWallon,4,1494,5,1443,0,0,51
4958,2020-06-07,BrabantWallon,1,1495,4,1447,0,0,48
4959,2020-06-08,BrabantWallon,1,1496,5,1452,0,0,44
4960,2020-06-09,BrabantWallon,3,1499,4,1456,0,0,43
4961,2020-06-10,BrabantWallon,4,1503,1,1457,0,0,46
4962,2020-06-11,BrabantWallon,4,1507,3,1460,0,0,47
4963,2020-06-12,BrabantWallon,2,1509,5,1465,0,0,44
4964,2020-06-13,BrabantWallon,5,1514,3,1468,0,0,46
4965,2020-06-14,BrabantWallon,0,1514,2,1470,0,0,44
4966,2020-06-15,BrabantWallon,3,1517,2,1472,0,0,45
4967,2020-06-16,BrabantWallon,2,1519,1,1473,0,0,46
4968,2020-06-17,BrabantWallon,0,1519,7,1480,0,0,39
4969,2020-06-18,BrabantWallon,8,1527,7,1487,0,0,40
4970,2020-06-19,BrabantWallon,0,1527,3,1490,0,0,37
4971,2020-06-20,BrabantWallon,3,1530,4,1494,0,0,36
4972,2020-06-21,BrabantWallon,0,1530,1,1495,0,0,35
4973,2020-06-22,BrabantWallon,6,1536,1,1496,0,0,40
4974,2020-06-23,BrabantWallon,4,1540,3,1499,0,0,41
4975,2020-06-24,BrabantWallon,1,1541,4,1503,0,0,38
4976,2020-06-25,BrabantWallon,3,1544,4,1507,0,0,37
4977,2020-06-26,BrabantWallon,2,1546,2,1509,0,0,37
4978,2020-06-27,BrabantWallon,1,1547,5,1514,0,0,33
4979,2020-06-28,BrabantWallon,0,1547,0,1514,0,0,33
4980,2020-06-29,BrabantWallon,3,1550,3,1517,0,0,33
4981,2020-06-30,BrabantWallon,1,1551,2,1519,0,0,32
4982,2020-07-01,BrabantWallon,1,1552,0,1519,0,0,33
4983,2020-07-02,BrabantWallon,1,1553,8,1527,0,0,26
4984,2020-07-03,BrabantWallon,3,1556,0,1527,0,0,29
4985,2020-07-04,BrabantWallon,1,1557,3,1530,0,0,27
4986,2020-07-05,BrabantWallon,1,1558,0,1530,0,0,28
4987,2020-07-06,BrabantWallon,4,1562,6,1536,0,0,26
4988,2020-07-07,BrabantWallon,2,1564,4,1540,0,0,24
4989,2020-07-08,BrabantWallon,5,1569,1,1541,0,0,28
4990,2020-07-09,BrabantWallon,5,1574,3,1544,0,0,30
4991,2020-07-10,BrabantWallon,0,1574,2,1546,0,0,28
4992,2020-07-11,BrabantWallon,1,1575,1,1547,0,0,28
4993,2020-07-12,BrabantWallon,2,1577,0,1547,0,0,30
4994,2020-07-13,BrabantWallon,2,1579,3,1550,0,0,29
4995,2020-07-14,BrabantWallon,4,1583,1,1551,0,0,32
4996,2020-07-15,BrabantWallon,5,1588,1,1552,0,0,36
4997,2020-07-16,BrabantWallon,0,1588,1,1553,0,0,35
4998,2020-07-17,BrabantWallon,3,1591,3,1556,0,0,35
4999,2020-07-18,BrabantWallon,1,1592,1,1557,0,0,35
5000,2020-07-19,BrabantWallon,2,1594,1,1558,0,0,36
5001,2020-07-20,BrabantWallon,5,1599,4,1562,0,0,37
5002,2020-07-21,BrabantWallon,1,1600,2,1564,0,0,36
5003,2020-07-22,BrabantWallon,6,1606,5,1569,0,0,37
5004,2020-07-23,BrabantWallon,9,1615,5,1574,0,0,41
5005,2020-07-24,BrabantWallon,8,1623,0,1574,0,0,49
5006,2020-07-25,BrabantWallon,1,1624,1,1575,0,0,49
5007,2020-07-26,BrabantWallon,1,1625,2,1577,0,0,48
5008,2020-07-27,BrabantWallon,5,1630,2,1579,0,0,51
5009,2020-07-28,BrabantWallon,16,1646,4,1583,0,0,63
5010,2020-07-29,BrabantWallon,10,1656,5,1588,0,0,68
5011,2020-07-30,BrabantWallon,8,1664,0,1588,0,0,76
5012,2020-07-31,BrabantWallon,18,1682,3,1591,0,0,91
5013,2020-08-01,BrabantWallon,12,1694,1,1592,0,0,102
5014,2020-08-02,BrabantWallon,4,1698,2,1594,0,0,104
5015,2020-08-03,BrabantWallon,15,1713,5,1599,0,0,114
5016,2020-08-04,BrabantWallon,22,1735,1,1600,0,0,135
5017,2020-08-05,BrabantWallon,15,1750,6,1606,0,0,144
5018,2020-08-06,BrabantWallon,15,1765,9,1615,0,0,150
5019,2020-08-07,BrabantWallon,24,1789,8,1623,0,0,166
5020,2020-08-08,BrabantWallon,10,1799,1,1624,0,0,175
5021,2020-08-09,BrabantWallon,1,1800,1,1625,0,0,175
5022,2020-08-10,BrabantWallon,24,1824,5,1630,0,0,194
5023,2020-08-11,BrabantWallon,20,1844,16,1646,0,0,198
5024,2020-08-12,BrabantWallon,16,1860,10,1656,0,0,204
5025,2020-08-13,BrabantWallon,21,1881,8,1664,0,0,217
5026,2020-08-14,BrabantWallon,5,1886,18,1682,0,0,204
5027,2020-08-15,BrabantWallon,5,1891,12,1694,0,0,197
5028,2020-08-16,BrabantWallon,5,1896,4,1698,0,0,198
5029,2020-08-17,BrabantWallon,13,1909,15,1713,0,0,196
5030,2020-08-18,BrabantWallon,22,1931,22,1735,0,0,196
5031,2020-08-19,BrabantWallon,11,1942,15,1750,0,0,192
5032,2020-08-20,BrabantWallon,14,1956,15,1765,0,0,191
5033,2020-08-21,BrabantWallon,18,1974,24,1789,0,0,185
5034,2020-08-22,BrabantWallon,7,1981,10,1799,0,0,182
5035,2020-08-23,BrabantWallon,6,1987,1,1800,0,0,187
5036,2020-08-24,BrabantWallon,29,2016,24,1824,0,0,192
5037,2020-08-25,BrabantWallon,16,2032,20,1844,0,0,188
5038,2020-08-26,BrabantWallon,14,2046,16,1860,0,0,186
5039,2020-08-27,BrabantWallon,17,2063,21,1881,0,0,182
5040,2020-08-28,BrabantWallon,17,2080,5,1886,0,0,194
5041,2020-08-29,BrabantWallon,8,2088,5,1891,0,0,197
5042,2020-08-30,BrabantWallon,4,2092,5,1896,0,0,196
5043,2020-08-31,BrabantWallon,21,2113,13,1909,0,0,204
5044,2020-09-01,BrabantWallon,19,2132,22,1931,0,0,201
5045,2020-09-02,BrabantWallon,24,2156,11,1942,0,0,214
5046,2020-09-03,BrabantWallon,26,2182,14,1956,0,0,226
5047,2020-09-04,BrabantWallon,33,2215,18,1974,0,0,241
5048,2020-09-05,BrabantWallon,15,2230,7,1981,0,0,249
5049,2020-09-06,BrabantWallon,8,2238,6,1987,0,0,251
5050,2020-09-07,BrabantWallon,31,2269,29,2016,0,0,253
5051,2020-09-08,BrabantWallon,33,2302,16,2032,0,0,270
5052,2020-09-09,BrabantWallon,40,2342,14,2046,0,0,296
5053,2020-09-10,BrabantWallon,39,2381,17,2063,0,0,318
5054,2020-09-11,BrabantWallon,38,2419,17,2080,0,0,339
5055,2020-09-12,BrabantWallon,23,2442,8,2088,0,0,354
5056,2020-09-13,BrabantWallon,15,2457,4,2092,0,0,365
5057,2020-09-14,BrabantWallon,72,2529,21,2113,0,0,416
5058,2020-09-15,BrabantWallon,114,2643,19,2132,0,0,511
5059,2020-09-16,BrabantWallon,87,2730,24,2156,0,0,574
5060,2020-09-17,BrabantWallon,84,2814,26,2182,0,0,632
5061,2020-09-18,BrabantWallon,85,2899,33,2215,0,0,684
5062,2020-09-19,BrabantWallon,55,2954,15,2230,0,0,724
5063,2020-09-20,BrabantWallon,31,2985,8,2238,0,0,747
5064,2020-09-21,BrabantWallon,100,3085,31,2269,0,0,816
5065,2020-09-22,BrabantWallon,97,3182,33,2302,0,0,880
5066,2020-09-23,BrabantWallon,84,3266,40,2342,0,0,924
5067,2020-09-24,BrabantWallon,52,3318,39,2381,0,0,937
5068,2020-09-25,BrabantWallon,59,3377,38,2419,0,0,958
5069,2020-09-26,BrabantWallon,36,3413,23,2442,0,0,971
5070,2020-09-27,BrabantWallon,12,3425,15,2457,0,0,968
5071,2020-09-28,BrabantWallon,139,3564,72,2529,0,0,1035
5072,2020-09-29,BrabantWallon,156,3720,114,2643,0,0,1077
5073,2020-09-30,BrabantWallon,154,3874,87,2730,0,0,1144
5074,2020-10-01,BrabantWallon,212,4086,84,2814,0,0,1272
5075,2020-10-02,BrabantWallon,177,4263,85,2899,0,0,1364
5076,2020-10-03,BrabantWallon,51,4314,55,2954,0,0,1360
5077,2020-10-04,BrabantWallon,160,4474,31,2985,0,0,1489
5078,2020-10-05,BrabantWallon,301,4775,100,3085,0,0,1690
5079,2020-10-06,BrabantWallon,345,5120,97,3182,0,0,1938
5080,2020-10-07,BrabantWallon,397,5517,84,3266,0,0,2251
5081,2020-10-08,BrabantWallon,370,5887,52,3318,0,0,2569
5082,2020-10-09,BrabantWallon,449,6336,59,3377,0,0,2959
5083,2020-10-10,BrabantWallon,298,6634,36,3413,0,0,3221
5084,2020-10-11,BrabantWallon,134,6768,12,3425,0,0,3343
5085,2020-10-12,BrabantWallon,363,7131,139,3564,0,0,3567
5086,2020-10-13,BrabantWallon,687,7818,156,3720,0,0,4098
5087,2020-10-14,BrabantWallon,649,8467,154,3874,0,0,4593
5088,2020-10-15,BrabantWallon,536,9003,212,4086,0,0,4917
5089,2020-10-16,BrabantWallon,718,9721,177,4263,0,0,5458
5090,2020-10-17,BrabantWallon,313,10034,51,4314,0,0,5720
5091,2020-10-18,BrabantWallon,296,10330,160,4474,0,0,5856
5092,2020-10-19,BrabantWallon,591,10921,301,4775,0,0,6146
5093,2020-10-20,BrabantWallon,1159,12080,345,5120,0,0,6960
5094,2020-10-21,BrabantWallon,832,12912,397,5517,0,0,7395
5095,2020-10-22,BrabantWallon,799,13711,370,5887,0,0,7824
5096,2020-10-23,BrabantWallon,735,14446,449,6336,0,0,8110
5097,2020-10-24,BrabantWallon,575,15021,298,6634,0,0,8387
5098,2020-10-25,BrabantWallon,164,15185,134,6768,0,0,8417
5099,2020-10-26,BrabantWallon,699,15884,363,7131,0,0,8753
5100,2020-10-27,BrabantWallon,1028,16912,687,7818,0,0,9094
5101,2020-10-28,BrabantWallon,580,17492,649,8467,0,0,9025
5102,2020-10-29,BrabantWallon,504,17996,536,9003,0,0,8993
5103,2020-10-30,BrabantWallon,604,18600,718,9721,0,0,8879
5104,2020-10-31,BrabantWallon,190,18790,313,10034,0,0,8756
5105,2020-11-01,BrabantWallon,83,18873,296,10330,0,0,8543
5106,2020-11-02,BrabantWallon,525,19398,591,10921,0,0,8477
5107,2020-11-03,BrabantWallon,425,19823,1159,12080,0,0,7743
5108,2020-11-04,BrabantWallon,272,20095,832,12912,0,0,7183
5109,2020-11-05,BrabantWallon,265,20360,799,13711,0,0,6649
5110,2020-11-06,BrabantWallon,210,20570,735,14446,0,0,6124
5111,2020-11-07,BrabantWallon,123,20693,575,15021,0,0,5672
5112,2020-11-08,BrabantWallon,39,20732,164,15185,0,0,5547
5113,2020-11-09,BrabantWallon,352,21084,699,15884,0,0,5200
5114,2020-11-10,BrabantWallon,236,21320,1028,16912,0,0,4408
5115,2020-11-11,BrabantWallon,53,21373,580,17492,0,0,3881
5116,2020-11-12,BrabantWallon,239,21612,504,17996,0,0,3616
5117,2020-11-13,BrabantWallon,239,21851,604,18600,0,0,3251
5118,2020-11-14,BrabantWallon,148,21999,190,18790,0,0,3209
5119,2020-11-15,BrabantWallon,17,22016,83,18873,0,0,3143
5120,2020-11-16,BrabantWallon,206,22222,525,19398,0,0,2824
5121,2020-11-17,BrabantWallon,159,22381,425,19823,0,0,2558
5122,2020-11-18,BrabantWallon,100,22481,272,20095,0,0,2386
5123,2020-11-19,BrabantWallon,94,22575,265,20360,0,0,2215
5124,2020-11-20,BrabantWallon,94,22669,210,20570,0,0,2099
5125,2020-11-21,BrabantWallon,23,22692,123,20693,0,0,1999
5126,2020-11-22,BrabantWallon,17,22709,39,20732,0,0,1977
5127,2020-11-23,BrabantWallon,131,22840,352,21084,0,0,1756
5128,2020-11-24,BrabantWallon,83,22923,236,21320,0,0,1603
5129,2020-11-25,BrabantWallon,80,23003,53,21373,0,0,1630
5130,2020-11-26,BrabantWallon,58,23061,239,21612,0,0,1449
5131,2020-11-27,BrabantWallon,62,23123,239,21851,0,0,1272
5132,2020-11-28,BrabantWallon,33,23156,148,21999,0,0,1157
5133,2020-11-29,BrabantWallon,25,23181,17,22016,0,0,1165
5134,2020-11-30,BrabantWallon,117,23298,206,22222,0,0,1076
5135,2020-12-01,BrabantWallon,66,23364,159,22381,0,0,983
5136,2020-12-02,BrabantWallon,76,23440,100,22481,0,0,959
5137,2020-12-03,BrabantWallon,64,23504,94,22575,0,0,929
5138,2020-12-04,BrabantWallon,77,23581,94,22669,0,0,912
5139,2020-12-05,BrabantWallon,24,23605,23,22692,0,0,913
5140,2020-12-06,BrabantWallon,9,23614,17,22709,0,0,905
5141,2020-12-07,BrabantWallon,88,23702,131,22840,0,0,862
5142,2020-12-08,BrabantWallon,81,23783,83,22923,0,0,860
5143,2020-12-09,BrabantWallon,80,23863,80,23003,0,0,860
5144,2020-12-10,BrabantWallon,70,23933,58,23061,0,0,872
5145,2020-12-11,BrabantWallon,100,24033,62,23123,0,0,910
5146,2020-12-12,BrabantWallon,18,24051,33,23156,0,0,895
5147,2020-12-13,BrabantWallon,10,24061,25,23181,0,0,880
5148,2020-12-14,BrabantWallon,99,24160,117,23298,0,0,862
5149,2020-12-15,BrabantWallon,85,24245,66,23364,0,0,881
5150,2020-12-16,BrabantWallon,85,24330,76,23440,0,0,890
5151,2020-12-17,BrabantWallon,80,24410,64,23504,0,0,906
5152,2020-12-18,BrabantWallon,73,24483,77,23581,0,0,902
5153,2020-12-19,BrabantWallon,44,24527,24,23605,0,0,922
5154,2020-12-20,BrabantWallon,17,24544,9,23614,0,0,930
5155,2020-12-21,BrabantWallon,104,24648,88,23702,0,0,946
5156,2020-12-22,BrabantWallon,69,24717,81,23783,0,0,934
5157,2020-12-23,BrabantWallon,75,24792,80,23863,0,0,929
5158,2020-12-24,BrabantWallon,48,24840,70,23933,0,0,907
5159,2020-12-25,BrabantWallon,6,24846,100,24033,0,0,813
5160,2020-12-26,BrabantWallon,27,24873,18,24051,0,0,822
5161,2020-12-27,BrabantWallon,14,24887,10,24061,0,0,826
5162,2020-12-28,BrabantWallon,75,24962,99,24160,0,0,802
5163,2020-12-29,BrabantWallon,90,25052,85,24245,0,0,807
5164,2020-12-30,BrabantWallon,57,25109,85,24330,0,0,779
5165,2020-12-31,BrabantWallon,56,25165,80,24410,0,0,755
5166,2021-01-01,BrabantWallon,31,25196,73,24483,0,0,713
5167,2021-01-02,BrabantWallon,43,25239,44,24527,0,0,712
5168,2021-01-03,BrabantWallon,52,25291,17,24544,0,0,747
5169,2021-01-04,BrabantWallon,78,25369,104,24648,0,0,721
5170,2021-01-05,BrabantWallon,97,25466,69,24717,0,0,749
5171,2021-01-06,BrabantWallon,110,25576,75,24792,0,0,784
5172,2021-01-07,BrabantWallon,65,25641,48,24840,0,0,801
5173,2021-01-08,BrabantWallon,77,25718,6,24846,0,0,872
5174,2021-01-09,BrabantWallon,49,25767,27,24873,0,0,894
5175,2021-01-10,BrabantWallon,28,25795,14,24887,0,0,908
5176,2021-01-11,BrabantWallon,112,25907,75,24962,0,0,945
5177,2021-01-12,BrabantWallon,105,26012,90,25052,0,0,960
5178,2021-01-13,BrabantWallon,67,26079,57,25109,0,0,970
5179,2021-01-14,BrabantWallon,66,26145,56,25165,0,0,980
5180,2021-01-15,BrabantWallon,73,26218,31,25196,0,0,1022
5181,2021-01-16,BrabantWallon,49,26267,43,25239,0,0,1028
5182,2021-01-17,BrabantWallon,8,26275,52,25291,0,0,984
5183,2021-01-18,BrabantWallon,111,26386,78,25369,0,0,1017
5184,2021-01-19,BrabantWallon,73,26459,97,25466,0,0,993
5185,2021-01-20,BrabantWallon,95,26554,110,25576,0,0,978
5186,2021-01-21,BrabantWallon,86,26640,65,25641,0,0,999
5187,2021-01-22,BrabantWallon,86,26726,77,25718,0,0,1008
5188,2021-01-23,BrabantWallon,50,26776,49,25767,0,0,1009
5189,2021-01-24,BrabantWallon,23,26799,28,25795,0,0,1004
5190,2021-01-25,BrabantWallon,132,26931,112,25907,0,0,1024
5191,2021-01-26,BrabantWallon,135,27066,105,26012,0,0,1054
5192,2021-01-27,BrabantWallon,117,27183,67,26079,0,0,1104
5193,2021-01-28,BrabantWallon,112,27295,66,26145,0,0,1150
5194,2021-01-29,BrabantWallon,145,27440,73,26218,0,0,1222
5195,2021-01-30,BrabantWallon,76,27516,49,26267,0,0,1249
5196,2021-01-31,BrabantWallon,37,27553,8,26275,0,0,1278
5197,2021-02-01,BrabantWallon,153,27706,111,26386,0,0,1320
5198,2021-02-02,BrabantWallon,120,27826,73,26459,0,0,1367
5199,2021-02-03,BrabantWallon,117,27943,95,26554,0,0,1389
5200,2021-02-04,BrabantWallon,99,28042,86,26640,0,0,1402
5201,2021-02-05,BrabantWallon,90,28132,86,26726,0,0,1406
5202,2021-02-06,BrabantWallon,60,28192,50,26776,0,0,1416
5203,2021-02-07,BrabantWallon,22,28214,23,26799,0,0,1415
5204,2021-02-08,BrabantWallon,89,28303,132,26931,0,0,1372
5205,2021-02-09,BrabantWallon,81,28384,135,27066,0,0,1318
5206,2021-02-10,BrabantWallon,94,28478,117,27183,0,0,1295
5207,2021-02-11,BrabantWallon,99,28577,112,27295,0,0,1282
5208,2021-02-12,BrabantWallon,80,28657,145,27440,0,0,1217
5209,2021-02-13,BrabantWallon,35,28692,76,27516,0,0,1176
5210,2021-02-14,BrabantWallon,12,28704,37,27553,0,0,1151
5211,2021-02-15,BrabantWallon,92,28796,153,27706,0,0,1090
5212,2021-02-16,BrabantWallon,99,28895,120,27826,0,0,1069
5213,2021-02-17,BrabantWallon,109,29004,117,27943,0,0,1061
5214,2021-02-18,BrabantWallon,77,29081,99,28042,0,0,1039
5215,2021-02-19,BrabantWallon,128,29209,90,28132,0,0,1077
5216,2021-02-20,BrabantWallon,82,29291,60,28192,0,0,1099
5217,2021-02-21,BrabantWallon,44,29335,22,28214,0,0,1121
5218,2021-02-22,BrabantWallon,148,29483,89,28303,0,0,1180
5219,2021-02-23,BrabantWallon,112,29595,81,28384,0,0,1211
5220,2021-02-24,BrabantWallon,114,29709,94,28478,0,0,1231
5221,2021-02-25,BrabantWallon,129,29838,99,28577,0,0,1261
5222,2021-02-26,BrabantWallon,133,29971,80,28657,0,0,1314
5223,2021-02-27,BrabantWallon,75,30046,35,28692,0,0,1354
5224,2021-02-28,BrabantWallon,27,30073,12,28704,0,0,1369
5225,2021-03-01,BrabantWallon,107,30180,92,28796,0,0,1384
5226,2021-03-02,BrabantWallon,86,30266,99,28895,0,0,1371
5227,2021-03-03,BrabantWallon,114,30380,109,29004,0,0,1376
5228,2021-03-04,BrabantWallon,91,30471,77,29081,0,0,1390
5229,2021-03-05,BrabantWallon,95,30566,128,29209,0,0,1357
5230,2021-03-06,BrabantWallon,44,30610,82,29291,0,0,1319
5231,2021-03-07,BrabantWallon,11,30621,44,29335,0,0,1286
5232,2021-03-08,BrabantWallon,97,30718,148,29483,0,0,1235
5233,2021-03-09,BrabantWallon,128,30846,112,29595,0,0,1251
5234,2021-03-10,BrabantWallon,102,30948,114,29709,0,0,1239
5235,2021-03-11,BrabantWallon,123,31071,129,29838,0,0,1233
5236,2021-03-12,BrabantWallon,129,31200,133,29971,0,0,1229
5237,2021-03-13,BrabantWallon,65,31265,75,30046,0,0,1219
5238,2021-03-14,BrabantWallon,69,31334,27,30073,0,0,1261
5239,2021-03-15,BrabantWallon,170,31504,107,30180,0,0,1324
5240,2021-03-16,BrabantWallon,168,31672,86,30266,0,0,1406
5241,2021-03-17,BrabantWallon,172,31844,114,30380,0,0,1464
5242,2021-03-18,BrabantWallon,196,32040,91,30471,0,0,1569
5243,2021-03-19,BrabantWallon,238,32278,95,30566,0,0,1712
5244,2021-03-20,BrabantWallon,121,32399,44,30610,0,0,1789
5245,2021-03-21,BrabantWallon,81,32480,11,30621,0,0,1859
5246,2021-03-22,BrabantWallon,247,32727,97,30718,0,0,2009
5247,2021-03-23,BrabantWallon,201,32928,128,30846,0,0,2082
5248,2021-03-24,BrabantWallon,207,33135,102,30948,0,0,2187
5249,2021-03-25,BrabantWallon,222,33357,123,31071,0,0,2286
5250,2021-03-26,BrabantWallon,225,33582,129,31200,0,0,2382
5251,2021-03-27,BrabantWallon,117,33699,65,31265,0,0,2434
5252,2021-03-28,BrabantWallon,71,33770,69,31334,0,0,2436
5253,2021-03-29,BrabantWallon,207,33977,170,31504,0,0,2473
5254,2021-03-30,BrabantWallon,229,34206,168,31672,0,0,2534
5255,2021-03-31,BrabantWallon,189,34395,172,31844,0,0,2551
5256,2021-04-01,BrabantWallon,181,34576,196,32040,0,0,2536
5257,2021-04-02,BrabantWallon,187,34763,238,32278,0,0,2485
5258,2021-04-03,BrabantWallon,112,34875,121,32399,0,0,2476
5259,2021-04-04,BrabantWallon,74,34949,81,32480,0,0,2469
5260,2021-04-05,BrabantWallon,47,34996,247,32727,0,0,2269
5261,2021-04-06,BrabantWallon,177,35173,201,32928,0,0,2245
5262,2021-04-07,BrabantWallon,160,35333,207,33135,0,0,2198
5263,2021-04-08,BrabantWallon,146,35479,222,33357,0,0,2122
5264,2021-04-09,BrabantWallon,161,35640,225,33582,0,0,2058
5265,2021-04-10,BrabantWallon,81,35721,117,33699,0,0,2022
5266,2021-04-11,BrabantWallon,74,35795,71,33770,0,0,2025
5267,2021-04-12,BrabantWallon,169,35964,207,33977,0,0,1987
5268,2021-04-13,BrabantWallon,142,36106,229,34206,0,0,1900
5269,2021-04-14,BrabantWallon,141,36247,189,34395,0,0,1852
5270,2021-04-15,BrabantWallon,112,36359,181,34576,0,0,1783
5271,2021-04-16,BrabantWallon,113,36472,187,34763,0,0,1709
5272,2021-04-17,BrabantWallon,85,36557,112,34875,0,0,1682
5273,2021-04-18,BrabantWallon,45,36602,74,34949,0,0,1653
5274,2021-04-19,BrabantWallon,188,36790,47,34996,0,0,1794
5275,2021-04-20,BrabantWallon,129,36919,177,35173,0,0,1746
5276,2021-04-21,BrabantWallon,126,37045,160,35333,0,0,1712
5277,2021-04-22,BrabantWallon,115,37160,146,35479,0,0,1681
5278,2021-04-23,BrabantWallon,124,37284,161,35640,0,0,1644
5279,2021-04-24,BrabantWallon,53,37337,81,35721,0,0,1616
5280,2021-04-25,BrabantWallon,36,37373,74,35795,0,0,1578
5281,2021-04-26,BrabantWallon,160,37533,169,35964,0,0,1569
5282,2021-04-27,BrabantWallon,120,37653,142,36106,0,0,1547
5283,2021-04-28,BrabantWallon,130,37783,141,36247,0,0,1536
5284,2021-04-29,BrabantWallon,100,37883,112,36359,0,0,1524
5285,2021-04-30,BrabantWallon,136,38019,113,36472,0,0,1547
5286,2021-05-01,BrabantWallon,40,38059,85,36557,0,0,1502
5287,2021-05-02,BrabantWallon,24,38083,45,36602,0,0,1481
5288,2021-05-03,BrabantWallon,127,38210,188,36790,0,0,1420
5289,2021-05-04,BrabantWallon,99,38309,129,36919,0,0,1390
5290,2021-05-05,BrabantWallon,114,38423,126,37045,0,0,1378
5291,2021-05-06,BrabantWallon,127,38550,115,37160,0,0,1390
5292,2021-05-07,BrabantWallon,106,38656,124,37284,0,0,1372
5293,2021-05-08,BrabantWallon,68,38724,53,37337,0,0,1387
5294,2021-05-09,BrabantWallon,28,38752,36,37373,0,0,1379
5295,2021-05-10,BrabantWallon,142,38894,160,37533,0,0,1361
5296,2021-05-11,BrabantWallon,126,39020,120,37653,0,0,1367
5297,2021-05-12,BrabantWallon,139,39159,130,37783,0,0,1376
5298,2021-05-13,BrabantWallon,32,39191,100,37883,0,0,1308
5299,2021-05-14,BrabantWallon,126,39317,136,38019,0,0,1298
5300,2021-05-15,BrabantWallon,38,39355,40,38059,0,0,1296
5301,2021-05-16,BrabantWallon,30,39385,24,38083,0,0,1302
5302,2021-05-17,BrabantWallon,139,39524,127,38210,0,0,1314
5303,2021-05-18,BrabantWallon,139,39663,99,38309,0,0,1354
5304,2021-05-19,BrabantWallon,147,39810,114,38423,0,0,1387
5305,2021-05-20,BrabantWallon,127,39937,127,38550,0,0,1387
5306,2021-05-21,BrabantWallon,102,40039,106,38656,0,0,1383
5307,2021-05-22,BrabantWallon,65,40104,68,38724,0,0,1380
5308,2021-05-23,BrabantWallon,44,40148,28,38752,0,0,1396
5309,2021-05-24,BrabantWallon,39,40187,142,38894,0,0,1293
5310,2021-05-25,BrabantWallon,108,40295,126,39020,0,0,1275
5311,2021-05-26,BrabantWallon,158,40453,139,39159,0,0,1294
5312,2021-05-27,BrabantWallon,120,40573,32,39191,0,0,1382
5313,2021-05-28,BrabantWallon,111,40684,126,39317,0,0,1367
5314,2021-05-29,BrabantWallon,51,40735,38,39355,0,0,1380
5315,2021-05-30,BrabantWallon,32,40767,30,39385,0,0,1382
5316,2021-05-31,BrabantWallon,76,40843,139,39524,0,0,1319
5317,2021-06-01,BrabantWallon,65,40908,139,39663,0,0,1245
5318,2021-06-02,BrabantWallon,92,41000,147,39810,0,0,1190
5319,2021-06-03,BrabantWallon,69,41069,127,39937,0,0,1132
5320,2021-06-04,BrabantWallon,65,41134,102,40039,0,0,1095
5321,2021-06-05,BrabantWallon,37,41171,65,40104,0,0,1067
5322,2021-06-06,BrabantWallon,20,41191,44,40148,0,0,1043
5323,2021-06-07,BrabantWallon,59,41250,39,40187,0,0,1063
5324,2021-06-08,BrabantWallon,52,41302,108,40295,0,0,1007
5325,2021-06-09,BrabantWallon,31,41333,158,40453,0,0,880
5326,2021-06-10,BrabantWallon,32,41365,120,40573,0,0,792
5327,2021-06-11,BrabantWallon,26,41391,111,40684,0,0,707
5328,2021-06-12,BrabantWallon,12,41403,51,40735,0,0,668
5329,2021-06-13,BrabantWallon,3,41406,32,40767,0,0,639
5330,2021-06-14,BrabantWallon,35,41441,76,40843,0,0,598
5331,2021-06-15,BrabantWallon,14,41455,65,40908,0,0,547
5332,2021-06-16,BrabantWallon,24,41479,92,41000,0,0,479
5333,2021-06-17,BrabantWallon,15,41494,69,41069,0,0,425
5334,2021-06-18,BrabantWallon,12,41506,65,41134,0,0,372
5335,2021-06-19,BrabantWallon,12,41518,37,41171,0,0,347
5336,2021-06-20,BrabantWallon,5,41523,0,41171,0,0,352
5337,2021-06-21,BrabantWallon,17,41540,0,41171,0,0,369
5338,2021-06-22,BrabantWallon,9,41549,0,41171,0,0,378
5339,2021-06-23,BrabantWallon,11,41560,0,41171,0,0,389
5340,2021-06-24,BrabantWallon,7,41567,0,41171,0,0,396
5341,2021-06-25,BrabantWallon,13,41580,0,41171,0,0,409
5342,2021-06-26,BrabantWallon,9,41589,0,41171,0,0,418
5343,2021-06-27,BrabantWallon,2,41591,0,41171,0,0,420
5344,2021-06-28,BrabantWallon,0,41591,0,41171,0,0,420
5345,2021-06-29,BrabantWallon,0,41591,0,41171,0,0,420
5346,2020-03-01,Antwerpen,1,1,0,0,0,0,1
5347,2020-03-02,Antwerpen,1,2,0,0,0,0,2
5348,2020-03-03,Antwerpen,5,7,0,0,0,0,7
5349,2020-03-04,Antwerpen,6,13,0,0,0,0,13
5350,2020-03-05,Antwerpen,11,24,0,0,0,0,24
5351,2020-03-06,Antwerpen,11,35,0,0,0,0,35
5352,2020-03-07,Antwerpen,8,43,0,0,0,0,43
5353,2020-03-08,Antwerpen,9,52,0,0,0,0,52
5354,2020-03-09,Antwerpen,8,60,0,0,0,0,60
5355,2020-03-10,Antwerpen,14,74,0,0,0,0,74
5356,2020-03-11,Antwerpen,21,95,0,0,0,0,95
5357,2020-03-12,Antwerpen,33,128,0,0,0,0,128
5358,2020-03-13,Antwerpen,47,175,0,0,0,0,175
5359,2020-03-14,Antwerpen,21,196,0,0,0,0,196
5360,2020-03-15,Antwerpen,24,220,1,1,0,0,219
5361,2020-03-16,Antwerpen,46,266,1,2,0,0,264
5362,2020-03-17,Antwerpen,54,320,5,7,0,0,313
5363,2020-03-18,Antwerpen,55,375,6,13,0,0,362
5364,2020-03-19,Antwerpen,82,457,11,24,0,0,433
5365,2020-03-20,Antwerpen,67,524,11,35,0,0,489
5366,2020-03-21,Antwerpen,63,587,8,43,0,0,544
5367,2020-03-22,Antwerpen,55,642,9,52,0,0,590
5368,2020-03-23,Antwerpen,194,836,8,60,0,0,776
5369,2020-03-24,Antwerpen,172,1008,14,74,0,0,934
5370,2020-03-25,Antwerpen,171,1179,21,95,0,0,1084
5371,2020-03-26,Antwerpen,183,1362,33,128,0,0,1234
5372,2020-03-27,Antwerpen,190,1552,47,175,0,0,1377
5373,2020-03-28,Antwerpen,100,1652,21,196,0,0,1456
5374,2020-03-29,Antwerpen,102,1754,24,220,0,0,1534
5375,2020-03-30,Antwerpen,231,1985,46,266,0,0,1719
5376,2020-03-31,Antwerpen,175,2160,54,320,0,0,1840
5377,2020-04-01,Antwerpen,178,2338,55,375,0,0,1963
5378,2020-04-02,Antwerpen,166,2504,82,457,0,0,2047
5379,2020-04-03,Antwerpen,186,2690,67,524,0,0,2166
5380,2020-04-04,Antwerpen,108,2798,63,587,0,0,2211
5381,2020-04-05,Antwerpen,79,2877,55,642,0,0,2235
5382,2020-04-06,Antwerpen,247,3124,194,836,0,0,2288
5383,2020-04-07,Antwerpen,179,3303,172,1008,0,0,2295
5384,2020-04-08,Antwerpen,216,3519,171,1179,0,0,2340
5385,2020-04-09,Antwerpen,302,3821,183,1362,0,0,2459
5386,2020-04-10,Antwerpen,264,4085,190,1552,0,0,2533
5387,2020-04-11,Antwerpen,93,4178,100,1652,0,0,2526
5388,2020-04-12,Antwerpen,86,4264,102,1754,0,0,2510
5389,2020-04-13,Antwerpen,65,4329,231,1985,0,0,2344
5390,2020-04-14,Antwerpen,143,4472,175,2160,0,0,2312
5391,2020-04-15,Antwerpen,175,4647,178,2338,0,0,2309
5392,2020-04-16,Antwerpen,211,4858,166,2504,0,0,2354
5393,2020-04-17,Antwerpen,110,4968,186,2690,0,0,2278
5394,2020-04-18,Antwerpen,63,5031,108,2798,0,0,2233
5395,2020-04-19,Antwerpen,51,5082,79,2877,0,0,2205
5396,2020-04-20,Antwerpen,167,5249,247,3124,0,0,2125
5397,2020-04-21,Antwerpen,184,5433,179,3303,0,0,2130
5398,2020-04-22,Antwerpen,102,5535,216,3519,0,0,2016
5399,2020-04-23,Antwerpen,132,5667,302,3821,0,0,1846
5400,2020-04-24,Antwerpen,84,5751,264,4085,0,0,1666
5401,2020-04-25,Antwerpen,38,5789,93,4178,0,0,1611
5402,2020-04-26,Antwerpen,39,5828,86,4264,0,0,1564
5403,2020-04-27,Antwerpen,152,5980,65,4329,0,0,1651
5404,2020-04-28,Antwerpen,124,6104,143,4472,0,0,1632
5405,2020-04-29,Antwerpen,121,6225,175,4647,0,0,1578
5406,2020-04-30,Antwerpen,173,6398,211,4858,0,0,1540
5407,2020-05-01,Antwerpen,71,6469,110,4968,0,0,1501
5408,2020-05-02,Antwerpen,54,6523,63,5031,0,0,1492
5409,2020-05-03,Antwerpen,39,6562,51,5082,0,0,1480
5410,2020-05-04,Antwerpen,168,6730,167,5249,0,0,1481
5411,2020-05-05,Antwerpen,139,6869,184,5433,0,0,1436
5412,2020-05-06,Antwerpen,153,7022,102,5535,0,0,1487
5413,2020-05-07,Antwerpen,94,7116,132,5667,0,0,1449
5414,2020-05-08,Antwerpen,61,7177,84,5751,0,0,1426
5415,2020-05-09,Antwerpen,41,7218,38,5789,0,0,1429
5416,2020-05-10,Antwerpen,28,7246,39,5828,0,0,1418
5417,2020-05-11,Antwerpen,85,7331,152,5980,0,0,1351
5418,2020-05-12,Antwerpen,88,7419,124,6104,0,0,1315
5419,2020-05-13,Antwerpen,56,7475,121,6225,0,0,1250
5420,2020-05-14,Antwerpen,48,7523,173,6398,0,0,1125
5421,2020-05-15,Antwerpen,69,7592,71,6469,0,0,1123
5422,2020-05-16,Antwerpen,21,7613,54,6523,0,0,1090
5423,2020-05-17,Antwerpen,17,7630,39,6562,0,0,1068
5424,2020-05-18,Antwerpen,72,7702,168,6730,0,0,972
5425,2020-05-19,Antwerpen,36,7738,139,6869,0,0,869
5426,2020-05-20,Antwerpen,87,7825,153,7022,0,0,803
5427,2020-05-21,Antwerpen,10,7835,94,7116,0,0,719
5428,2020-05-22,Antwerpen,49,7884,61,7177,0,0,707
5429,2020-05-23,Antwerpen,17,7901,41,7218,0,0,683
5430,2020-05-24,Antwerpen,17,7918,28,7246,0,0,672
5431,2020-05-25,Antwerpen,50,7968,85,7331,0,0,637
5432,2020-05-26,Antwerpen,34,8002,88,7419,0,0,583
5433,2020-05-27,Antwerpen,28,8030,56,7475,0,0,555
5434,2020-05-28,Antwerpen,35,8065,48,7523,0,0,542
5435,2020-05-29,Antwerpen,29,8094,69,7592,0,0,502
5436,2020-05-30,Antwerpen,8,8102,21,7613,0,0,489
5437,2020-05-31,Antwerpen,7,8109,17,7630,0,0,479
5438,2020-06-01,Antwerpen,9,8118,72,7702,0,0,416
5439,2020-06-02,Antwerpen,25,8143,36,7738,0,0,405
5440,2020-06-03,Antwerpen,30,8173,87,7825,0,0,348
5441,2020-06-04,Antwerpen,29,8202,10,7835,0,0,367
5442,2020-06-05,Antwerpen,21,8223,49,7884,0,0,339
5443,2020-06-06,Antwerpen,10,8233,17,7901,0,0,332
5444,2020-06-07,Antwerpen,5,8238,17,7918,0,0,320
5445,2020-06-08,Antwerpen,23,8261,50,7968,0,0,293
5446,2020-06-09,Antwerpen,20,8281,34,8002,0,0,279
5447,2020-06-10,Antwerpen,14,8295,28,8030,0,0,265
5448,2020-06-11,Antwerpen,12,8307,35,8065,0,0,242
5449,2020-06-12,Antwerpen,15,8322,29,8094,0,0,228
5450,2020-06-13,Antwerpen,6,8328,8,8102,0,0,226
5451,2020-06-14,Antwerpen,7,8335,7,8109,0,0,226
5452,2020-06-15,Antwerpen,31,8366,9,8118,0,0,248
5453,2020-06-16,Antwerpen,16,8382,25,8143,0,0,239
5454,2020-06-17,Antwerpen,33,8415,30,8173,0,0,242
5455,2020-06-18,Antwerpen,13,8428,29,8202,0,0,226
5456,2020-06-19,Antwerpen,21,8449,21,8223,0,0,226
5457,2020-06-20,Antwerpen,9,8458,10,8233,0,0,225
5458,2020-06-21,Antwerpen,3,8461,5,8238,0,0,223
5459,2020-06-22,Antwerpen,26,8487,23,8261,0,0,226
5460,2020-06-23,Antwerpen,14,8501,20,8281,0,0,220
5461,2020-06-24,Antwerpen,20,8521,14,8295,0,0,226
5462,2020-06-25,Antwerpen,21,8542,12,8307,0,0,235
5463,2020-06-26,Antwerpen,16,8558,15,8322,0,0,236
5464,2020-06-27,Antwerpen,4,8562,6,8328,0,0,234
5465,2020-06-28,Antwerpen,8,8570,7,8335,0,0,235
5466,2020-06-29,Antwerpen,31,8601,31,8366,0,0,235
5467,2020-06-30,Antwerpen,14,8615,16,8382,0,0,233
5468,2020-07-01,Antwerpen,38,8653,33,8415,0,0,238
5469,2020-07-02,Antwerpen,21,8674,13,8428,0,0,246
5470,2020-07-03,Antwerpen,27,8701,21,8449,0,0,252
5471,2020-07-04,Antwerpen,12,8713,9,8458,0,0,255
5472,2020-07-05,Antwerpen,4,8717,3,8461,0,0,256
5473,2020-07-06,Antwerpen,33,8750,26,8487,0,0,263
5474,2020-07-07,Antwerpen,23,8773,14,8501,0,0,272
5475,2020-07-08,Antwerpen,41,8814,20,8521,0,0,293
5476,2020-07-09,Antwerpen,20,8834,21,8542,0,0,292
5477,2020-07-10,Antwerpen,38,8872,16,8558,0,0,314
5478,2020-07-11,Antwerpen,9,8881,4,8562,0,0,319
5479,2020-07-12,Antwerpen,8,8889,8,8570,0,0,319
5480,2020-07-13,Antwerpen,89,8978,31,8601,0,0,377
5481,2020-07-14,Antwerpen,47,9025,14,8615,0,0,410
5482,2020-07-15,Antwerpen,77,9102,38,8653,0,0,449
5483,2020-07-16,Antwerpen,82,9184,21,8674,0,0,510
5484,2020-07-17,Antwerpen,122,9306,27,8701,0,0,605
5485,2020-07-18,Antwerpen,54,9360,12,8713,0,0,647
5486,2020-07-19,Antwerpen,29,9389,4,8717,0,0,672
5487,2020-07-20,Antwerpen,200,9589,33,8750,0,0,839
5488,2020-07-21,Antwerpen,54,9643,23,8773,0,0,870
5489,2020-07-22,Antwerpen,272,9915,41,8814,0,0,1101
5490,2020-07-23,Antwerpen,219,10134,20,8834,0,0,1300
5491,2020-07-24,Antwerpen,256,10390,38,8872,0,0,1518
5492,2020-07-25,Antwerpen,80,10470,9,8881,0,0,1589
5493,2020-07-26,Antwerpen,96,10566,8,8889,0,0,1677
5494,2020-07-27,Antwerpen,307,10873,89,8978,0,0,1895
5495,2020-07-28,Antwerpen,235,11108,47,9025,0,0,2083
5496,2020-07-29,Antwerpen,230,11338,77,9102,0,0,2236
5497,2020-07-30,Antwerpen,232,11570,82,9184,0,0,2386
5498,2020-07-31,Antwerpen,269,11839,122,9306,0,0,2533
5499,2020-08-01,Antwerpen,113,11952,54,9360,0,0,2592
5500,2020-08-02,Antwerpen,47,11999,29,9389,0,0,2610
5501,2020-08-03,Antwerpen,287,12286,200,9589,0,0,2697
5502,2020-08-04,Antwerpen,272,12558,54,9643,0,0,2915
5503,2020-08-05,Antwerpen,233,12791,272,9915,0,0,2876
5504,2020-08-06,Antwerpen,245,13036,219,10134,0,0,2902
5505,2020-08-07,Antwerpen,266,13302,256,10390,0,0,2912
5506,2020-08-08,Antwerpen,86,13388,80,10470,0,0,2918
5507,2020-08-09,Antwerpen,33,13421,96,10566,0,0,2855
5508,2020-08-10,Antwerpen,248,13669,307,10873,0,0,2796
5509,2020-08-11,Antwerpen,191,13860,235,11108,0,0,2752
5510,2020-08-12,Antwerpen,141,14001,230,11338,0,0,2663
5511,2020-08-13,Antwerpen,156,14157,232,11570,0,0,2587
5512,2020-08-14,Antwerpen,149,14306,269,11839,0,0,2467
5513,2020-08-15,Antwerpen,42,14348,113,11952,0,0,2396
5514,2020-08-16,Antwerpen,40,14388,47,11999,0,0,2389
5515,2020-08-17,Antwerpen,156,14544,287,12286,0,0,2258
5516,2020-08-18,Antwerpen,136,14680,272,12558,0,0,2122
5517,2020-08-19,Antwerpen,127,14807,233,12791,0,0,2016
5518,2020-08-20,Antwerpen,140,14947,245,13036,0,0,1911
5519,2020-08-21,Antwerpen,102,15049,266,13302,0,0,1747
5520,2020-08-22,Antwerpen,44,15093,86,13388,0,0,1705
5521,2020-08-23,Antwerpen,27,15120,33,13421,0,0,1699
5522,2020-08-24,Antwerpen,159,15279,248,13669,0,0,1610
5523,2020-08-25,Antwerpen,98,15377,191,13860,0,0,1517
5524,2020-08-26,Antwerpen,98,15475,141,14001,0,0,1474
5525,2020-08-27,Antwerpen,81,15556,156,14157,0,0,1399
5526,2020-08-28,Antwerpen,82,15638,149,14306,0,0,1332
5527,2020-08-29,Antwerpen,42,15680,42,14348,0,0,1332
5528,2020-08-30,Antwerpen,36,15716,40,14388,0,0,1328
5529,2020-08-31,Antwerpen,138,15854,156,14544,0,0,1310
5530,2020-09-01,Antwerpen,92,15946,136,14680,0,0,1266
5531,2020-09-02,Antwerpen,102,16048,127,14807,0,0,1241
5532,2020-09-03,Antwerpen,151,16199,140,14947,0,0,1252
5533,2020-09-04,Antwerpen,144,16343,102,15049,0,0,1294
5534,2020-09-05,Antwerpen,44,16387,44,15093,0,0,1294
5535,2020-09-06,Antwerpen,35,16422,27,15120,0,0,1302
5536,2020-09-07,Antwerpen,182,16604,159,15279,0,0,1325
5537,2020-09-08,Antwerpen,166,16770,98,15377,0,0,1393
5538,2020-09-09,Antwerpen,166,16936,98,15475,0,0,1461
5539,2020-09-10,Antwerpen,228,17164,81,15556,0,0,1608
5540,2020-09-11,Antwerpen,235,17399,82,15638,0,0,1761
5541,2020-09-12,Antwerpen,114,17513,42,15680,0,0,1833
5542,2020-09-13,Antwerpen,50,17563,36,15716,0,0,1847
5543,2020-09-14,Antwerpen,298,17861,138,15854,0,0,2007
5544,2020-09-15,Antwerpen,247,18108,92,15946,0,0,2162
5545,2020-09-16,Antwerpen,318,18426,102,16048,0,0,2378
5546,2020-09-17,Antwerpen,352,18778,151,16199,0,0,2579
5547,2020-09-18,Antwerpen,289,19067,144,16343,0,0,2724
5548,2020-09-19,Antwerpen,179,19246,44,16387,0,0,2859
5549,2020-09-20,Antwerpen,116,19362,35,16422,0,0,2940
5550,2020-09-21,Antwerpen,368,19730,182,16604,0,0,3126
5551,2020-09-22,Antwerpen,292,20022,166,16770,0,0,3252
5552,2020-09-23,Antwerpen,336,20358,166,16936,0,0,3422
5553,2020-09-24,Antwerpen,373,20731,228,17164,0,0,3567
5554,2020-09-25,Antwerpen,318,21049,235,17399,0,0,3650
5555,2020-09-26,Antwerpen,143,21192,114,17513,0,0,3679
5556,2020-09-27,Antwerpen,89,21281,50,17563,0,0,3718
5557,2020-09-28,Antwerpen,360,21641,298,17861,0,0,3780
5558,2020-09-29,Antwerpen,384,22025,247,18108,0,0,3917
5559,2020-09-30,Antwerpen,413,22438,318,18426,0,0,4012
5560,2020-10-01,Antwerpen,345,22783,352,18778,0,0,4005
5561,2020-10-02,Antwerpen,338,23121,289,19067,0,0,4054
5562,2020-10-03,Antwerpen,153,23274,179,19246,0,0,4028
5563,2020-10-04,Antwerpen,141,23415,116,19362,0,0,4053
5564,2020-10-05,Antwerpen,578,23993,368,19730,0,0,4263
5565,2020-10-06,Antwerpen,572,24565,292,20022,0,0,4543
5566,2020-10-07,Antwerpen,626,25191,336,20358,0,0,4833
5567,2020-10-08,Antwerpen,693,25884,373,20731,0,0,5153
5568,2020-10-09,Antwerpen,826,26710,318,21049,0,0,5661
5569,2020-10-10,Antwerpen,431,27141,143,21192,0,0,5949
5570,2020-10-11,Antwerpen,269,27410,89,21281,0,0,6129
5571,2020-10-12,Antwerpen,1101,28511,360,21641,0,0,6870
5572,2020-10-13,Antwerpen,1027,29538,384,22025,0,0,7513
5573,2020-10-14,Antwerpen,1178,30716,413,22438,0,0,8278
5574,2020-10-15,Antwerpen,1099,31815,345,22783,0,0,9032
5575,2020-10-16,Antwerpen,1180,32995,338,23121,0,0,9874
5576,2020-10-17,Antwerpen,670,33665,153,23274,0,0,10391
5577,2020-10-18,Antwerpen,417,34082,141,23415,0,0,10667
5578,2020-10-19,Antwerpen,1827,35909,578,23993,0,0,11916
5579,2020-10-20,Antwerpen,1739,37648,572,24565,0,0,13083
5580,2020-10-21,Antwerpen,1552,39200,626,25191,0,0,14009
5581,2020-10-22,Antwerpen,1545,40745,693,25884,0,0,14861
5582,2020-10-23,Antwerpen,1824,42569,826,26710,0,0,15859
5583,2020-10-24,Antwerpen,800,43369,431,27141,0,0,16228
5584,2020-10-25,Antwerpen,475,43844,269,27410,0,0,16434
5585,2020-10-26,Antwerpen,2305,46149,1101,28511,0,0,17638
5586,2020-10-27,Antwerpen,1914,48063,1027,29538,0,0,18525
5587,2020-10-28,Antwerpen,1562,49625,1178,30716,0,0,18909
5588,2020-10-29,Antwerpen,1292,50917,1099,31815,0,0,19102
5589,2020-10-30,Antwerpen,1419,52336,1180,32995,0,0,19341
5590,2020-10-31,Antwerpen,531,52867,670,33665,0,0,19202
5591,2020-11-01,Antwerpen,321,53188,417,34082,0,0,19106
5592,2020-11-02,Antwerpen,1476,54664,1827,35909,0,0,18755
5593,2020-11-03,Antwerpen,1162,55826,1739,37648,0,0,18178
5594,2020-11-04,Antwerpen,768,56594,1552,39200,0,0,17394
5595,2020-11-05,Antwerpen,759,57353,1545,40745,0,0,16608
5596,2020-11-06,Antwerpen,769,58122,1824,42569,0,0,15553
5597,2020-11-07,Antwerpen,401,58523,800,43369,0,0,15154
5598,2020-11-08,Antwerpen,205,58728,475,43844,0,0,14884
5599,2020-11-09,Antwerpen,1041,59769,2305,46149,0,0,13620
5600,2020-11-10,Antwerpen,770,60539,1914,48063,0,0,12476
5601,2020-11-11,Antwerpen,245,60784,1562,49625,0,0,11159
5602,2020-11-12,Antwerpen,687,61471,1292,50917,0,0,10554
5603,2020-11-13,Antwerpen,665,62136,1419,52336,0,0,9800
5604,2020-11-14,Antwerpen,197,62333,531,52867,0,0,9466
5605,2020-11-15,Antwerpen,238,62571,321,53188,0,0,9383
5606,2020-11-16,Antwerpen,807,63378,1476,54664,0,0,8714
5607,2020-11-17,Antwerpen,609,63987,1162,55826,0,0,8161
5608,2020-11-18,Antwerpen,474,64461,768,56594,0,0,7867
5609,2020-11-19,Antwerpen,397,64858,759,57353,0,0,7505
5610,2020-11-20,Antwerpen,456,65314,769,58122,0,0,7192
5611,2020-11-21,Antwerpen,178,65492,401,58523,0,0,6969
5612,2020-11-22,Antwerpen,93,65585,205,58728,0,0,6857
5613,2020-11-23,Antwerpen,619,66204,1041,59769,0,0,6435
5614,2020-11-24,Antwerpen,372,66576,770,60539,0,0,6037
5615,2020-11-25,Antwerpen,390,66966,245,60784,0,0,6182
5616,2020-11-26,Antwerpen,309,67275,687,61471,0,0,5804
5617,2020-11-27,Antwerpen,387,67662,665,62136,0,0,5526
5618,2020-11-28,Antwerpen,152,67814,197,62333,0,0,5481
5619,2020-11-29,Antwerpen,106,67920,238,62571,0,0,5349
5620,2020-11-30,Antwerpen,609,68529,807,63378,0,0,5151
5621,2020-12-01,Antwerpen,333,68862,609,63987,0,0,4875
5622,2020-12-02,Antwerpen,430,69292,474,64461,0,0,4831
5623,2020-12-03,Antwerpen,331,69623,397,64858,0,0,4765
5624,2020-12-04,Antwerpen,377,70000,456,65314,0,0,4686
5625,2020-12-05,Antwerpen,175,70175,178,65492,0,0,4683
5626,2020-12-06,Antwerpen,116,70291,93,65585,0,0,4706
5627,2020-12-07,Antwerpen,568,70859,619,66204,0,0,4655
5628,2020-12-08,Antwerpen,380,71239,372,66576,0,0,4663
5629,2020-12-09,Antwerpen,483,71722,390,66966,0,0,4756
5630,2020-12-10,Antwerpen,415,72137,309,67275,0,0,4862
5631,2020-12-11,Antwerpen,521,72658,387,67662,0,0,4996
5632,2020-12-12,Antwerpen,241,72899,152,67814,0,0,5085
5633,2020-12-13,Antwerpen,169,73068,106,67920,0,0,5148
5634,2020-12-14,Antwerpen,734,73802,609,68529,0,0,5273
5635,2020-12-15,Antwerpen,525,74327,333,68862,0,0,5465
5636,2020-12-16,Antwerpen,548,74875,430,69292,0,0,5583
5637,2020-12-17,Antwerpen,524,75399,331,69623,0,0,5776
5638,2020-12-18,Antwerpen,422,75821,377,70000,0,0,5821
5639,2020-12-19,Antwerpen,225,76046,175,70175,0,0,5871
5640,2020-12-20,Antwerpen,128,76174,116,70291,0,0,5883
5641,2020-12-21,Antwerpen,589,76763,568,70859,0,0,5904
5642,2020-12-22,Antwerpen,411,77174,380,71239,0,0,5935
5643,2020-12-23,Antwerpen,458,77632,483,71722,0,0,5910
5644,2020-12-24,Antwerpen,286,77918,415,72137,0,0,5781
5645,2020-12-25,Antwerpen,108,78026,521,72658,0,0,5368
5646,2020-12-26,Antwerpen,238,78264,241,72899,0,0,5365
5647,2020-12-27,Antwerpen,84,78348,169,73068,0,0,5280
5648,2020-12-28,Antwerpen,432,78780,734,73802,0,0,4978
5649,2020-12-29,Antwerpen,402,79182,525,74327,0,0,4855
5650,2020-12-30,Antwerpen,338,79520,548,74875,0,0,4645
5651,2020-12-31,Antwerpen,269,79789,524,75399,0,0,4390
5652,2021-01-01,Antwerpen,89,79878,422,75821,0,0,4057
5653,2021-01-02,Antwerpen,218,80096,225,76046,0,0,4050
5654,2021-01-03,Antwerpen,109,80205,128,76174,0,0,4031
5655,2021-01-04,Antwerpen,497,80702,589,76763,0,0,3939
5656,2021-01-05,Antwerpen,372,81074,411,77174,0,0,3900
5657,2021-01-06,Antwerpen,319,81393,458,77632,0,0,3761
5658,2021-01-07,Antwerpen,257,81650,286,77918,0,0,3732
5659,2021-01-08,Antwerpen,306,81956,108,78026,0,0,3930
5660,2021-01-09,Antwerpen,206,82162,238,78264,0,0,3898
5661,2021-01-10,Antwerpen,150,82312,84,78348,0,0,3964
5662,2021-01-11,Antwerpen,433,82745,432,78780,0,0,3965
5663,2021-01-12,Antwerpen,367,83112,402,79182,0,0,3930
5664,2021-01-13,Antwerpen,353,83465,338,79520,0,0,3945
5665,2021-01-14,Antwerpen,278,83743,269,79789,0,0,3954
5666,2021-01-15,Antwerpen,303,84046,89,79878,0,0,4168
5667,2021-01-16,Antwerpen,210,84256,218,80096,0,0,4160
5668,2021-01-17,Antwerpen,154,84410,109,80205,0,0,4205
5669,2021-01-18,Antwerpen,480,84890,497,80702,0,0,4188
5670,2021-01-19,Antwerpen,357,85247,372,81074,0,0,4173
5671,2021-01-20,Antwerpen,371,85618,319,81393,0,0,4225
5672,2021-01-21,Antwerpen,325,85943,257,81650,0,0,4293
5673,2021-01-22,Antwerpen,391,86334,306,81956,0,0,4378
5674,2021-01-23,Antwerpen,213,86547,206,82162,0,0,4385
5675,2021-01-24,Antwerpen,160,86707,150,82312,0,0,4395
5676,2021-01-25,Antwerpen,478,87185,433,82745,0,0,4440
5677,2021-01-26,Antwerpen,376,87561,367,83112,0,0,4449
5678,2021-01-27,Antwerpen,361,87922,353,83465,0,0,4457
5679,2021-01-28,Antwerpen,352,88274,278,83743,0,0,4531
5680,2021-01-29,Antwerpen,421,88695,303,84046,0,0,4649
5681,2021-01-30,Antwerpen,210,88905,210,84256,0,0,4649
5682,2021-01-31,Antwerpen,147,89052,154,84410,0,0,4642
5683,2021-02-01,Antwerpen,483,89535,480,84890,0,0,4645
5684,2021-02-02,Antwerpen,263,89798,357,85247,0,0,4551
5685,2021-02-03,Antwerpen,304,90102,371,85618,0,0,4484
5686,2021-02-04,Antwerpen,339,90441,325,85943,0,0,4498
5687,2021-02-05,Antwerpen,349,90790,391,86334,0,0,4456
5688,2021-02-06,Antwerpen,160,90950,213,86547,0,0,4403
5689,2021-02-07,Antwerpen,117,91067,160,86707,0,0,4360
5690,2021-02-08,Antwerpen,333,91400,478,87185,0,0,4215
5691,2021-02-09,Antwerpen,289,91689,376,87561,0,0,4128
5692,2021-02-10,Antwerpen,303,91992,361,87922,0,0,4070
5693,2021-02-11,Antwerpen,284,92276,352,88274,0,0,4002
5694,2021-02-12,Antwerpen,278,92554,421,88695,0,0,3859
5695,2021-02-13,Antwerpen,152,92706,210,88905,0,0,3801
5696,2021-02-14,Antwerpen,119,92825,147,89052,0,0,3773
5697,2021-02-15,Antwerpen,392,93217,483,89535,0,0,3682
5698,2021-02-16,Antwerpen,297,93514,263,89798,0,0,3716
5699,2021-02-17,Antwerpen,348,93862,304,90102,0,0,3760
5700,2021-02-18,Antwerpen,315,94177,339,90441,0,0,3736
5701,2021-02-19,Antwerpen,390,94567,349,90790,0,0,3777
5702,2021-02-20,Antwerpen,206,94773,160,90950,0,0,3823
5703,2021-02-21,Antwerpen,169,94942,117,91067,0,0,3875
5704,2021-02-22,Antwerpen,482,95424,333,91400,0,0,4024
5705,2021-02-23,Antwerpen,418,95842,289,91689,0,0,4153
5706,2021-02-24,Antwerpen,411,96253,303,91992,0,0,4261
5707,2021-02-25,Antwerpen,366,96619,284,92276,0,0,4343
5708,2021-02-26,Antwerpen,361,96980,278,92554,0,0,4426
5709,2021-02-27,Antwerpen,203,97183,152,92706,0,0,4477
5710,2021-02-28,Antwerpen,128,97311,119,92825,0,0,4486
5711,2021-03-01,Antwerpen,436,97747,392,93217,0,0,4530
5712,2021-03-02,Antwerpen,369,98116,297,93514,0,0,4602
5713,2021-03-03,Antwerpen,396,98512,348,93862,0,0,4650
5714,2021-03-04,Antwerpen,378,98890,315,94177,0,0,4713
5715,2021-03-05,Antwerpen,402,99292,390,94567,0,0,4725
5716,2021-03-06,Antwerpen,228,99520,206,94773,0,0,4747
5717,2021-03-07,Antwerpen,160,99680,169,94942,0,0,4738
5718,2021-03-08,Antwerpen,510,100190,482,95424,0,0,4766
5719,2021-03-09,Antwerpen,467,100657,418,95842,0,0,4815
5720,2021-03-10,Antwerpen,427,101084,411,96253,0,0,4831
5721,2021-03-11,Antwerpen,490,101574,366,96619,0,0,4955
5722,2021-03-12,Antwerpen,524,102098,361,96980,0,0,5118
5723,2021-03-13,Antwerpen,289,102387,203,97183,0,0,5204
5724,2021-03-14,Antwerpen,260,102647,128,97311,0,0,5336
5725,2021-03-15,Antwerpen,711,103358,436,97747,0,0,5611
5726,2021-03-16,Antwerpen,616,103974,369,98116,0,0,5858
5727,2021-03-17,Antwerpen,684,104658,396,98512,0,0,6146
5728,2021-03-18,Antwerpen,633,105291,378,98890,0,0,6401
5729,2021-03-19,Antwerpen,684,105975,402,99292,0,0,6683
5730,2021-03-20,Antwerpen,402,106377,228,99520,0,0,6857
5731,2021-03-21,Antwerpen,300,106677,160,99680,0,0,6997
5732,2021-03-22,Antwerpen,856,107533,510,100190,0,0,7343
5733,2021-03-23,Antwerpen,724,108257,467,100657,0,0,7600
5734,2021-03-24,Antwerpen,694,108951,427,101084,0,0,7867
5735,2021-03-25,Antwerpen,722,109673,490,101574,0,0,8099
5736,2021-03-26,Antwerpen,683,110356,524,102098,0,0,8258
5737,2021-03-27,Antwerpen,385,110741,289,102387,0,0,8354
5738,2021-03-28,Antwerpen,302,111043,260,102647,0,0,8396
5739,2021-03-29,Antwerpen,806,111849,711,103358,0,0,8491
5740,2021-03-30,Antwerpen,625,112474,616,103974,0,0,8500
5741,2021-03-31,Antwerpen,573,113047,684,104658,0,0,8389
5742,2021-04-01,Antwerpen,560,113607,633,105291,0,0,8316
5743,2021-04-02,Antwerpen,624,114231,684,105975,0,0,8256
5744,2021-04-03,Antwerpen,303,114534,402,106377,0,0,8157
5745,2021-04-04,Antwerpen,225,114759,300,106677,0,0,8082
5746,2021-04-05,Antwerpen,279,115038,856,107533,0,0,7505
5747,2021-04-06,Antwerpen,718,115756,724,108257,0,0,7499
5748,2021-04-07,Antwerpen,572,116328,694,108951,0,0,7377
5749,2021-04-08,Antwerpen,569,116897,722,109673,0,0,7224
5750,2021-04-09,Antwerpen,558,117455,683,110356,0,0,7099
5751,2021-04-10,Antwerpen,306,117761,385,110741,0,0,7020
5752,2021-04-11,Antwerpen,247,118008,302,111043,0,0,6965
5753,2021-04-12,Antwerpen,574,118582,806,111849,0,0,6733
5754,2021-04-13,Antwerpen,537,119119,625,112474,0,0,6645
5755,2021-04-14,Antwerpen,500,119619,573,113047,0,0,6572
5756,2021-04-15,Antwerpen,535,120154,560,113607,0,0,6547
5757,2021-04-16,Antwerpen,535,120689,624,114231,0,0,6458
5758,2021-04-17,Antwerpen,325,121014,303,114534,0,0,6480
5759,2021-04-18,Antwerpen,248,121262,225,114759,0,0,6503
5760,2021-04-19,Antwerpen,694,121956,279,115038,0,0,6918
5761,2021-04-20,Antwerpen,622,122578,718,115756,0,0,6822
5762,2021-04-21,Antwerpen,598,123176,572,116328,0,0,6848
5763,2021-04-22,Antwerpen,548,123724,569,116897,0,0,6827
5764,2021-04-23,Antwerpen,491,124215,558,117455,0,0,6760
5765,2021-04-24,Antwerpen,239,124454,306,117761,0,0,6693
5766,2021-04-25,Antwerpen,202,124656,247,118008,0,0,6648
5767,2021-04-26,Antwerpen,572,125228,574,118582,0,0,6646
5768,2021-04-27,Antwerpen,499,125727,537,119119,0,0,6608
5769,2021-04-28,Antwerpen,550,126277,500,119619,0,0,6658
5770,2021-04-29,Antwerpen,496,126773,535,120154,0,0,6619
5771,2021-04-30,Antwerpen,466,127239,535,120689,0,0,6550
5772,2021-05-01,Antwerpen,210,127449,325,121014,0,0,6435
5773,2021-05-02,Antwerpen,231,127680,248,121262,0,0,6418
5774,2021-05-03,Antwerpen,643,128323,694,121956,0,0,6367
5775,2021-05-04,Antwerpen,539,128862,622,122578,0,0,6284
5776,2021-05-05,Antwerpen,488,129350,598,123176,0,0,6174
5777,2021-05-06,Antwerpen,533,129883,548,123724,0,0,6159
5778,2021-05-07,Antwerpen,471,130354,491,124215,0,0,6139
5779,2021-05-08,Antwerpen,336,130690,239,124454,0,0,6236
5780,2021-05-09,Antwerpen,207,130897,202,124656,0,0,6241
5781,2021-05-10,Antwerpen,558,131455,572,125228,0,0,6227
5782,2021-05-11,Antwerpen,462,131917,499,125727,0,0,6190
5783,2021-05-12,Antwerpen,442,132359,550,126277,0,0,6082
5784,2021-05-13,Antwerpen,190,132549,496,126773,0,0,5776
5785,2021-05-14,Antwerpen,351,132900,466,127239,0,0,5661
5786,2021-05-15,Antwerpen,244,133144,210,127449,0,0,5695
5787,2021-05-16,Antwerpen,185,133329,231,127680,0,0,5649
5788,2021-05-17,Antwerpen,569,133898,643,128323,0,0,5575
5789,2021-05-18,Antwerpen,488,134386,539,128862,0,0,5524
5790,2021-05-19,Antwerpen,534,134920,488,129350,0,0,5570
5791,2021-05-20,Antwerpen,321,135241,533,129883,0,0,5358
5792,2021-05-21,Antwerpen,389,135630,471,130354,0,0,5276
5793,2021-05-22,Antwerpen,223,135853,336,130690,0,0,5163
5794,2021-05-23,Antwerpen,175,136028,207,130897,0,0,5131
5795,2021-05-24,Antwerpen,149,136177,558,131455,0,0,4722
5796,2021-05-25,Antwerpen,339,136516,462,131917,0,0,4599
5797,2021-05-26,Antwerpen,360,136876,442,132359,0,0,4517
5798,2021-05-27,Antwerpen,335,137211,190,132549,0,0,4662
5799,2021-05-28,Antwerpen,319,137530,351,132900,0,0,4630
5800,2021-05-29,Antwerpen,202,137732,244,133144,0,0,4588
5801,2021-05-30,Antwerpen,124,137856,185,133329,0,0,4527
5802,2021-05-31,Antwerpen,312,138168,569,133898,0,0,4270
5803,2021-06-01,Antwerpen,297,138465,488,134386,0,0,4079
5804,2021-06-02,Antwerpen,227,138692,534,134920,0,0,3772
5805,2021-06-03,Antwerpen,281,138973,321,135241,0,0,3732
5806,2021-06-04,Antwerpen,230,139203,389,135630,0,0,3573
5807,2021-06-05,Antwerpen,107,139310,223,135853,0,0,3457
5808,2021-06-06,Antwerpen,95,139405,175,136028,0,0,3377
5809,2021-06-07,Antwerpen,201,139606,149,136177,0,0,3429
5810,2021-06-08,Antwerpen,133,139739,339,136516,0,0,3223
5811,2021-06-09,Antwerpen,162,139901,360,136876,0,0,3025
5812,2021-06-10,Antwerpen,114,140015,335,137211,0,0,2804
5813,2021-06-11,Antwerpen,124,140139,319,137530,0,0,2609
5814,2021-06-12,Antwerpen,55,140194,202,137732,0,0,2462
5815,2021-06-13,Antwerpen,42,140236,124,137856,0,0,2380
5816,2021-06-14,Antwerpen,104,140340,312,138168,0,0,2172
5817,2021-06-15,Antwerpen,79,140419,297,138465,0,0,1954
5818,2021-06-16,Antwerpen,61,140480,227,138692,0,0,1788
5819,2021-06-17,Antwerpen,72,140552,281,138973,0,0,1579
5820,2021-06-18,Antwerpen,91,140643,230,139203,0,0,1440
5821,2021-06-19,Antwerpen,45,140688,107,139310,0,0,1378
5822,2021-06-20,Antwerpen,27,140715,95,139405,0,0,1310
5823,2021-06-21,Antwerpen,74,140789,201,139606,0,0,1183
5824,2021-06-22,Antwerpen,55,140844,133,139739,0,0,1105
5825,2021-06-23,Antwerpen,71,140915,162,139901,0,0,1014
5826,2021-06-24,Antwerpen,53,140968,114,140015,0,0,953
5827,2021-06-25,Antwerpen,67,141035,124,140139,0,0,896
5828,2021-06-26,Antwerpen,35,141070,55,140194,0,0,876
5829,2021-06-27,Antwerpen,20,141090,42,140236,0,0,854
5830,2021-06-28,Antwerpen,0,141090,0,140236,0,0,854
5831,2021-06-29,Antwerpen,0,141090,0,140236,0,0,854
