,DATE,REGION,NEW_CASES,CUMULATIVE_CASES,NEW_RECOVERED,CUMULATIVE_RECOVERED,NEW_DEATHS,CUMULATIVE_DEATHS,ACTIVE_CASES
0,2020-03-01,Belgium,19,19,0,0,0,0,19
1,2020-03-02,Belgium,19,38,0,0,0,0,38
2,2020-03-03,Belgium,34,72,0,0,0,0,72
3,2020-03-04,Belgium,53,125,0,0,0,0,125
4,2020-03-05,Belgium,81,206,0,0,0,0,206
5,2020-03-06,Belgium,110,316,0,0,0,0,316
6,2020-03-07,Belgium,27,343,0,0,0,0,343
7,2020-03-08,Belgium,64,407,0,0,0,0,407
8,2020-03-09,Belgium,94,501,0,0,0,0,501
9,2020-03-10,Belgium,99,600,0,0,1,1,599
10,2020-03-11,Belgium,174,774,0,0,3,4,770
11,2020-03-12,Belgium,250,1024,0,0,1,5,1019
12,2020-03-13,Belgium,338,1362,0,0,3,8,1354
13,2020-03-14,Belgium,179,1541,0,0,5,13,1528
14,2020-03-15,Belgium,214,1755,0,0,5,18,1737
15,2020-03-16,Belgium,387,2142,0,0,12,30,2112
16,2020-03-17,Belgium,422,2564,0,0,10,40,2524
17,2020-03-18,Belgium,534,3098,0,0,23,63,3035
18,2020-03-19,Belgium,713,3811,0,0,34,97,3714
19,2020-03-20,Belgium,662,4473,0,0,37,134,4339
20,2020-03-21,Belgium,469,4942,0,0,40,174,4768
21,2020-03-22,Belgium,486,5428,19,19,47,221,5188
22,2020-03-23,Belgium,1328,6756,19,38,78,299,6419
23,2020-03-24,Belgium,1195,7951,34,72,78,377,7502
24,2020-03-25,Belgium,1199,9150,53,125,107,484,8541
25,2020-03-26,Belgium,1363,10513,81,206,103,587,9720
26,2020-03-27,Belgium,1518,12031,110,316,128,715,11000
27,2020-03-28,Belgium,844,12875,27,343,142,857,11675
28,2020-03-29,Belgium,683,13558,64,407,149,1006,12145
29,2020-03-30,Belgium,1738,15296,94,501,170,1176,13619
30,2020-03-31,Belgium,1681,16977,98,599,208,1384,14994
31,2020-04-01,Belgium,1516,18493,171,770,233,1617,16106
32,2020-04-02,Belgium,1478,19971,249,1019,219,1836,17116
33,2020-04-03,Belgium,1694,21665,335,1354,236,2072,18239
34,2020-04-04,Belgium,922,22587,174,1528,271,2343,18716
35,2020-04-05,Belgium,665,23252,209,1737,248,2591,18924
36,2020-04-06,Belgium,1934,25186,375,2112,256,2847,20227
37,2020-04-07,Belgium,1515,26701,412,2524,278,3125,21052
38,2020-04-08,Belgium,1598,28299,511,3035,322,3447,21817
39,2020-04-09,Belgium,2239,30538,679,3714,273,3720,23104
40,2020-04-10,Belgium,2336,32874,625,4339,301,4021,24514
41,2020-04-11,Belgium,1029,33903,429,4768,284,4305,24830
42,2020-04-12,Belgium,524,34427,439,5207,266,4571,24649
43,2020-04-13,Belgium,537,34964,1250,6457,277,4848,23659
44,2020-04-14,Belgium,1560,36524,1117,7574,261,5109,23841
45,2020-04-15,Belgium,1633,38157,1092,8666,281,5390,24101
46,2020-04-16,Belgium,1674,39831,1260,9926,246,5636,24269
47,2020-04-17,Belgium,1394,41225,1390,11316,204,5840,24069
48,2020-04-18,Belgium,722,41947,702,12018,208,6048,23881
49,2020-04-19,Belgium,443,42390,534,12552,191,6239,23599
50,2020-04-20,Belgium,1276,43666,1568,14120,203,6442,23104
51,2020-04-21,Belgium,1270,44936,1473,15593,203,6645,22698
52,2020-04-22,Belgium,777,45713,1283,16876,181,6826,22011
53,2020-04-23,Belgium,976,46689,1259,18135,155,6981,21573
54,2020-04-24,Belgium,811,47500,1458,19593,155,7136,20771
55,2020-04-25,Belgium,388,47888,651,20244,142,7278,20366
56,2020-04-26,Belgium,205,48093,417,20661,153,7431,20001
57,2020-04-27,Belgium,755,48848,1678,22339,134,7565,18944
58,2020-04-28,Belgium,569,49417,1237,23576,110,7675,18166
59,2020-04-29,Belgium,522,49939,1276,24852,106,7781,17306
60,2020-04-30,Belgium,586,50525,1966,26818,88,7869,15838
61,2020-05-01,Belgium,237,50762,2035,28853,93,7962,13947
62,2020-05-02,Belgium,286,51048,745,29598,76,8038,13412
63,2020-05-03,Belgium,140,51188,258,29856,94,8132,13200
64,2020-05-04,Belgium,670,51858,260,30116,93,8225,13517
65,2020-05-05,Belgium,546,52404,1299,31415,81,8306,12683
66,2020-05-06,Belgium,552,52956,1352,32767,75,8381,11808
67,2020-05-07,Belgium,442,53398,1428,34195,70,8451,10752
68,2020-05-08,Belgium,483,53881,1190,35385,74,8525,9971
69,2020-05-09,Belgium,240,54121,514,35899,71,8596,9626
70,2020-05-10,Belgium,118,54239,252,36151,73,8669,9419
71,2020-05-11,Belgium,476,54715,1073,37224,65,8734,8757
72,2020-05-12,Belgium,395,55110,1067,38291,45,8779,8040
73,2020-05-13,Belgium,321,55431,596,38887,57,8836,7708
74,2020-05-14,Belgium,305,55736,821,39708,43,8879,7149
75,2020-05-15,Belgium,346,56082,656,40364,45,8924,6794
76,2020-05-16,Belgium,147,56229,246,40610,29,8953,6666
77,2020-05-17,Belgium,81,56310,52,40662,31,8984,6664
78,2020-05-18,Belgium,317,56627,621,41283,36,9020,6324
79,2020-05-19,Belgium,292,56919,459,41742,32,9052,6125
80,2020-05-20,Belgium,385,57304,416,42158,30,9082,6064
81,2020-05-21,Belgium,70,57374,498,42656,35,9117,5601
82,2020-05-22,Belgium,248,57622,144,42800,41,9158,5664
83,2020-05-23,Belgium,123,57745,210,43010,26,9184,5551
84,2020-05-24,Belgium,75,57820,46,43056,34,9218,5546
85,2020-05-25,Belgium,314,58134,577,43633,26,9244,5257
86,2020-05-26,Belgium,202,58336,465,44098,24,9268,4970
87,2020-05-27,Belgium,182,58518,477,44575,24,9292,4651
88,2020-05-28,Belgium,171,58689,372,44947,27,9319,4423
89,2020-05-29,Belgium,165,58854,409,45356,16,9335,4163
90,2020-05-30,Belgium,61,58915,169,45525,24,9359,4031
91,2020-05-31,Belgium,49,58964,45,45570,21,9380,4014
92,2020-06-01,Belgium,59,59023,411,45981,21,9401,3641
93,2020-06-02,Belgium,181,59204,350,46331,24,9425,3448
94,2020-06-03,Belgium,159,59363,264,46595,19,9444,3324
95,2020-06-04,Belgium,172,59535,262,46857,14,9458,3220
96,2020-06-05,Belgium,154,59689,301,47158,12,9470,3061
97,2020-06-06,Belgium,69,59758,118,47276,11,9481,3001
98,2020-06-07,Belgium,53,59811,50,47326,12,9493,2992
99,2020-06-08,Belgium,152,59963,281,47607,9,9502,2854
100,2020-06-09,Belgium,145,60108,260,47867,12,9514,2727
101,2020-06-10,Belgium,119,60227,355,48222,12,9526,2479
102,2020-06-11,Belgium,95,60322,35,48257,7,9533,2532
103,2020-06-12,Belgium,89,60411,207,48464,10,9543,2404
104,2020-06-13,Belgium,49,60460,97,48561,5,9548,2351
105,2020-06-14,Belgium,22,60482,41,48602,4,9552,2328
106,2020-06-15,Belgium,147,60629,288,48890,8,9560,2179
107,2020-06-16,Belgium,99,60728,178,49068,7,9567,2093
108,2020-06-17,Belgium,123,60851,158,49226,7,9574,2051
109,2020-06-18,Belgium,108,60959,144,49370,5,9579,2010
110,2020-06-19,Belgium,121,61080,149,49519,4,9583,1978
111,2020-06-20,Belgium,50,61130,37,49556,3,9586,1988
112,2020-06-21,Belgium,20,61150,28,49584,9,9595,1971
113,2020-06-22,Belgium,143,61293,38,49622,12,9607,2064
114,2020-06-23,Belgium,110,61403,157,49779,4,9611,2013
115,2020-06-24,Belgium,100,61503,140,49919,4,9615,1969
116,2020-06-25,Belgium,76,61579,158,50077,5,9620,1882
117,2020-06-26,Belgium,113,61692,142,50219,2,9622,1851
118,2020-06-27,Belgium,41,61733,58,50277,8,9630,1826
119,2020-06-28,Belgium,24,61757,41,50318,5,9635,1804
120,2020-06-29,Belgium,127,61884,143,50461,3,9638,1785
121,2020-06-30,Belgium,100,61984,133,50594,8,9646,1744
122,2020-07-01,Belgium,135,62119,107,50701,2,9648,1770
123,2020-07-02,Belgium,93,62212,88,50789,5,9653,1770
124,2020-07-03,Belgium,94,62306,79,50868,2,9655,1783
125,2020-07-04,Belgium,64,62370,44,50912,3,9658,1800
126,2020-07-05,Belgium,24,62394,18,50930,2,9660,1804
127,2020-07-06,Belgium,112,62506,139,51069,1,9661,1776
128,2020-07-07,Belgium,99,62605,92,51161,3,9664,1780
129,2020-07-08,Belgium,137,62742,116,51277,1,9665,1800
130,2020-07-09,Belgium,124,62866,103,51380,2,9667,1819
131,2020-07-10,Belgium,127,62993,117,51497,0,9667,1829
132,2020-07-11,Belgium,62,63055,47,51544,2,9669,1842
133,2020-07-12,Belgium,43,63098,11,51555,4,9673,1870
134,2020-07-13,Belgium,224,63322,131,51686,1,9674,1962
135,2020-07-14,Belgium,207,63529,106,51792,3,9677,2060
136,2020-07-15,Belgium,260,63789,96,51888,5,9682,2219
137,2020-07-16,Belgium,226,64015,71,51959,5,9687,2369
138,2020-07-17,Belgium,274,64289,111,52070,2,9689,2530
139,2020-07-18,Belgium,130,64419,33,52103,3,9692,2624
140,2020-07-19,Belgium,64,64483,19,52122,1,9693,2668
141,2020-07-20,Belgium,443,64926,124,52246,2,9695,2985
142,2020-07-21,Belgium,145,65071,92,52338,1,9696,3037
143,2020-07-22,Belgium,553,65624,133,52471,2,9698,3455
144,2020-07-23,Belgium,439,66063,88,52559,2,9700,3804
145,2020-07-24,Belgium,496,66559,92,52651,5,9705,4203
146,2020-07-25,Belgium,229,66788,61,52712,1,9706,4370
147,2020-07-26,Belgium,184,66972,22,52734,2,9708,4530
148,2020-07-27,Belgium,595,67567,111,52845,6,9714,5008
149,2020-07-28,Belgium,685,68252,96,52941,1,9715,5596
150,2020-07-29,Belgium,703,68955,136,53077,3,9718,6160
151,2020-07-30,Belgium,635,69590,122,53199,2,9720,6671
152,2020-07-31,Belgium,684,70274,127,53326,3,9723,7225
153,2020-08-01,Belgium,309,70583,60,53386,2,9725,7472
154,2020-08-02,Belgium,148,70731,39,53425,5,9730,7576
155,2020-08-03,Belgium,794,71525,223,53648,4,9734,8143
156,2020-08-04,Belgium,813,72338,204,53852,7,9741,8745
157,2020-08-05,Belgium,767,73105,255,54107,5,9746,9252
158,2020-08-06,Belgium,769,73874,221,54328,4,9750,9796
159,2020-08-07,Belgium,771,74645,272,54600,6,9756,10289
160,2020-08-08,Belgium,304,74949,127,54727,2,9758,10464
161,2020-08-09,Belgium,122,75071,63,54790,5,9763,10518
162,2020-08-10,Belgium,873,75944,441,55231,11,9774,10939
163,2020-08-11,Belgium,718,76662,144,55375,13,9787,11500
164,2020-08-12,Belgium,609,77271,551,55926,11,9798,11547
165,2020-08-13,Belgium,669,77940,437,56363,12,9810,11767
166,2020-08-14,Belgium,587,78527,491,56854,12,9822,11851
167,2020-08-15,Belgium,163,78690,228,57082,10,9832,11776
168,2020-08-16,Belgium,132,78822,182,57264,8,9840,11718
169,2020-08-17,Belgium,707,79529,589,57853,7,9847,11829
170,2020-08-18,Belgium,725,80254,684,58537,11,9858,11859
171,2020-08-19,Belgium,612,80866,700,59237,9,9867,11762
172,2020-08-20,Belgium,581,81447,633,59870,5,9872,11705
173,2020-08-21,Belgium,510,81957,681,60551,3,9875,11531
174,2020-08-22,Belgium,203,82160,307,60858,5,9880,11422
175,2020-08-23,Belgium,115,82275,143,61001,3,9883,11391
176,2020-08-24,Belgium,607,82882,790,61791,5,9888,11203
177,2020-08-25,Belgium,527,83409,806,62597,5,9893,10919
178,2020-08-26,Belgium,526,83935,762,63359,4,9897,10679
179,2020-08-27,Belgium,535,84470,765,64124,3,9900,10446
180,2020-08-28,Belgium,614,85084,765,64889,4,9904,10291
181,2020-08-29,Belgium,195,85279,302,65191,6,9910,10178
182,2020-08-30,Belgium,117,85396,117,65308,1,9911,10177
183,2020-08-31,Belgium,634,86030,862,66170,3,9914,9946
184,2020-09-01,Belgium,565,86595,705,66875,3,9917,9803
185,2020-09-02,Belgium,574,87169,598,67473,3,9920,9776
186,2020-09-03,Belgium,677,87846,657,68130,4,9924,9792
187,2020-09-04,Belgium,728,88574,575,68705,2,9926,9943
188,2020-09-05,Belgium,322,88896,153,68858,1,9927,10111
189,2020-09-06,Belgium,155,89051,124,68982,3,9930,10139
190,2020-09-07,Belgium,918,89969,700,69682,4,9934,10353
191,2020-09-08,Belgium,871,90840,714,70396,3,9937,10507
192,2020-09-09,Belgium,1024,91864,603,70999,2,9939,10926
193,2020-09-10,Belgium,1143,93007,576,71575,3,9942,11490
194,2020-09-11,Belgium,1284,94291,507,72082,5,9947,12262
195,2020-09-12,Belgium,617,94908,198,72280,1,9948,12680
196,2020-09-13,Belgium,301,95209,112,72392,1,9949,12868
197,2020-09-14,Belgium,1724,96933,602,72994,4,9953,13986
198,2020-09-15,Belgium,1628,98561,522,73516,3,9956,15089
199,2020-09-16,Belgium,1942,100503,522,74038,3,9959,16506
200,2020-09-17,Belgium,1750,102253,532,74570,1,9960,17723
201,2020-09-18,Belgium,1709,103962,610,75180,6,9966,18816
202,2020-09-19,Belgium,894,104856,189,75369,8,9974,19513
203,2020-09-20,Belgium,461,105317,116,75485,3,9977,19855
204,2020-09-21,Belgium,2202,107519,631,76116,3,9980,21423
205,2020-09-22,Belgium,2074,109593,562,76678,1,9981,22934
206,2020-09-23,Belgium,2096,111689,571,77249,8,9989,24451
207,2020-09-24,Belgium,1795,113484,673,77922,4,9993,25569
208,2020-09-25,Belgium,1623,115107,726,78648,5,9998,26461
209,2020-09-26,Belgium,944,116051,321,78969,7,10005,27077
210,2020-09-27,Belgium,540,116591,152,79121,12,10017,27453
211,2020-09-28,Belgium,2782,119373,914,80035,13,10030,29308
212,2020-09-29,Belgium,2984,122357,868,80903,10,10040,31414
213,2020-09-30,Belgium,3243,125600,1022,81925,6,10046,33629
214,2020-10-01,Belgium,3410,129010,1140,83065,15,10061,35884
215,2020-10-02,Belgium,3721,132731,1279,84344,11,10072,38315
216,2020-10-03,Belgium,1709,134440,616,84960,15,10087,39393
217,2020-10-04,Belgium,1035,135475,300,85260,15,10102,40113
218,2020-10-05,Belgium,5249,140724,1720,86980,15,10117,43627
219,2020-10-06,Belgium,5687,146411,1625,88605,19,10136,47670
220,2020-10-07,Belgium,6803,153214,1939,90544,20,10156,52514
221,2020-10-08,Belgium,6588,159802,1749,92293,20,10176,57333
222,2020-10-09,Belgium,7791,167593,1703,93996,20,10196,63401
223,2020-10-10,Belgium,4310,171903,886,94882,22,10218,66803
224,2020-10-11,Belgium,2403,174306,458,95340,28,10246,68720
225,2020-10-12,Belgium,9738,184044,2199,97539,36,10282,76223
226,2020-10-13,Belgium,12579,196623,2073,99612,35,10317,86694
227,2020-10-14,Belgium,12304,208927,2088,101700,41,10358,96869
228,2020-10-15,Belgium,11818,220745,1791,103491,37,10395,106859
229,2020-10-16,Belgium,13478,234223,1618,105109,37,10432,118682
230,2020-10-17,Belgium,7996,242219,937,106046,23,10455,125718
231,2020-10-18,Belgium,4289,246508,528,106574,31,10486,129448
232,2020-10-19,Belgium,15562,262070,2769,109343,55,10541,142186
233,2020-10-20,Belgium,19265,281335,2974,112317,53,10594,158424
234,2020-10-21,Belgium,17487,298822,3237,115554,61,10655,172613
235,2020-10-22,Belgium,17689,316511,3395,118949,57,10712,186850
236,2020-10-23,Belgium,18880,335391,3710,122659,93,10805,201927
237,2020-10-24,Belgium,11559,346950,1694,124353,95,10900,211697
238,2020-10-25,Belgium,4895,351845,1020,125373,98,10998,215474
239,2020-10-26,Belgium,19868,371713,5234,130607,123,11121,229985
240,2020-10-27,Belgium,22214,393927,5668,136275,130,11251,246401
241,2020-10-28,Belgium,17999,411926,6783,143058,143,11394,257474
242,2020-10-29,Belgium,15091,427017,6568,149626,144,11538,265853
243,2020-10-30,Belgium,15403,442420,7771,157397,184,11722,273301
244,2020-10-31,Belgium,6308,448728,4288,161685,177,11899,275144
245,2020-11-01,Belgium,2667,451395,2375,164060,165,12064,275271
246,2020-11-02,Belgium,13858,465253,9702,173762,213,12277,279214
247,2020-11-03,Belgium,12103,477356,12544,186306,174,12451,278599
248,2020-11-04,Belgium,9232,486588,12263,198569,200,12651,275368
249,2020-11-05,Belgium,7660,494248,11781,210350,210,12861,271037
250,2020-11-06,Belgium,6648,500896,13441,223791,218,13079,264026
251,2020-11-07,Belgium,3046,503942,7973,231764,210,13289,258889
252,2020-11-08,Belgium,1449,505391,4258,236022,210,13499,255870
253,2020-11-09,Belgium,8637,514028,15507,251529,198,13697,248802
254,2020-11-10,Belgium,7701,521729,19212,270741,219,13916,237072
255,2020-11-11,Belgium,2004,523733,17426,288167,194,14110,221456
256,2020-11-12,Belgium,6482,530215,17632,305799,172,14282,210134
257,2020-11-13,Belgium,5711,535926,18787,324586,183,14465,196875
258,2020-11-14,Belgium,2371,538297,11464,336050,178,14643,187604
259,2020-11-15,Belgium,1057,539354,4797,340847,193,14836,183671
260,2020-11-16,Belgium,5821,545175,19745,360592,195,15031,169552
261,2020-11-17,Belgium,4829,550004,22084,382676,157,15188,152140
262,2020-11-18,Belgium,3703,553707,17856,400532,160,15348,137827
263,2020-11-19,Belgium,3020,556727,14947,415479,172,15520,125728
264,2020-11-20,Belgium,3082,559809,15219,430698,171,15691,113420
265,2020-11-21,Belgium,1263,561072,6131,436829,141,15832,108411
266,2020-11-22,Belgium,589,561661,2502,439331,136,15968,106362
267,2020-11-23,Belgium,3958,565619,13645,452976,141,16109,96534
268,2020-11-24,Belgium,2877,568496,11929,464905,123,16232,87359
269,2020-11-25,Belgium,2685,571181,9032,473937,139,16371,80873
270,2020-11-26,Belgium,2428,573609,7450,481387,117,16488,75734
271,2020-11-27,Belgium,2741,576350,6430,487817,126,16614,71919
272,2020-11-28,Belgium,1006,577356,2836,490653,118,16732,69971
273,2020-11-29,Belgium,560,577916,1239,491892,119,16851,69173
274,2020-11-30,Belgium,3304,581220,8439,500331,102,16953,63936
275,2020-12-01,Belgium,2698,583918,7482,507813,110,17063,59042
276,2020-12-02,Belgium,2619,586537,1810,509623,117,17180,59734
277,2020-12-03,Belgium,2386,588923,6310,515933,94,17274,55716
278,2020-12-04,Belgium,2567,591490,5528,521461,110,17384,52645
279,2020-12-05,Belgium,1101,592591,2193,523654,87,17471,51466
280,2020-12-06,Belgium,601,593192,864,524518,85,17556,51118
281,2020-12-07,Belgium,3371,596563,5626,530144,97,17653,48766
282,2020-12-08,Belgium,2725,599288,4672,534816,93,17746,46726
283,2020-12-09,Belgium,2769,602057,3543,538359,90,17836,45862
284,2020-12-10,Belgium,2676,604733,2848,541207,95,17931,45595
285,2020-12-11,Belgium,2920,607653,2911,544118,114,18045,45490
286,2020-12-12,Belgium,1595,609248,1122,545240,87,18132,45876
287,2020-12-13,Belgium,742,609990,453,545693,92,18224,46073
288,2020-12-14,Belgium,3843,613833,3817,549510,100,18324,45999
289,2020-12-15,Belgium,3239,617072,2754,552264,103,18427,46381
290,2020-12-16,Belgium,2857,619929,2546,554810,98,18525,46594
291,2020-12-17,Belgium,2795,622724,2311,557121,90,18615,46988
292,2020-12-18,Belgium,2835,625559,2615,559736,84,18699,47124
293,2020-12-19,Belgium,1462,627021,888,560624,93,18792,47605
294,2020-12-20,Belgium,655,627676,441,561065,89,18881,47730
295,2020-12-21,Belgium,3395,631071,3202,564267,70,18951,47853
296,2020-12-22,Belgium,2707,633778,2588,566855,102,19053,47870
297,2020-12-23,Belgium,2464,636242,2502,569357,93,19146,47739
298,2020-12-24,Belgium,1783,638025,2292,571649,81,19227,47149
299,2020-12-25,Belgium,520,638545,2457,574106,67,19294,45145
300,2020-12-26,Belgium,1160,639705,1014,575120,64,19358,45227
301,2020-12-27,Belgium,558,640263,516,575636,61,19419,45208
302,2020-12-28,Belgium,2749,643012,3274,578910,63,19482,44620
303,2020-12-29,Belgium,2420,645432,2632,581542,77,19559,44331
304,2020-12-30,Belgium,2081,647513,2679,584221,74,19633,43659
305,2020-12-31,Belgium,1721,649234,2581,586802,87,19720,42712
306,2021-01-01,Belgium,482,649716,2806,589608,50,19770,40338
307,2021-01-02,Belgium,1121,650837,1508,591116,64,19834,39887
308,2021-01-03,Belgium,821,651658,650,591766,42,19876,40016
309,2021-01-04,Belgium,3122,654780,3743,595509,59,19935,39336
310,2021-01-05,Belgium,2823,657603,3136,598645,63,19998,38960
311,2021-01-06,Belgium,2518,660121,2759,601404,56,20054,38663
312,2021-01-07,Belgium,1982,662103,2705,604109,53,20107,37887
313,2021-01-08,Belgium,2052,664155,2751,606860,50,20157,37138
314,2021-01-09,Belgium,1395,665550,1369,608229,52,20209,37112
315,2021-01-10,Belgium,858,666408,566,608795,56,20265,37348
316,2021-01-11,Belgium,3083,669491,3325,612120,53,20318,37053
317,2021-01-12,Belgium,2489,671980,2605,614725,51,20369,36886
318,2021-01-13,Belgium,2219,674199,2371,617096,41,20410,36693
319,2021-01-14,Belgium,2193,676392,1702,618798,62,20472,37122
320,2021-01-15,Belgium,2177,678569,453,619251,48,20520,38798
321,2021-01-16,Belgium,1191,679760,1096,620347,46,20566,38847
322,2021-01-17,Belgium,722,680482,497,620844,44,20610,39028
323,2021-01-18,Belgium,3049,683531,2686,623530,58,20668,39333
324,2021-01-19,Belgium,2487,686018,2343,625873,61,20729,39416
325,2021-01-20,Belgium,2546,688564,2007,627880,49,20778,39906
326,2021-01-21,Belgium,2387,690951,1634,629514,53,20831,40606
327,2021-01-22,Belgium,2637,693588,432,629946,49,20880,42762
328,2021-01-23,Belgium,1399,694987,1057,631003,67,20947,43037
329,2021-01-24,Belgium,822,695809,779,631782,39,20986,43041
330,2021-01-25,Belgium,3422,699231,3063,634845,44,21030,43356
331,2021-01-26,Belgium,2780,702011,2760,637605,52,21082,43324
332,2021-01-27,Belgium,2599,704610,2462,640067,41,21123,43420
333,2021-01-28,Belgium,2609,707219,1929,641996,55,21178,44045
334,2021-01-29,Belgium,3034,710253,2002,643998,44,21222,45033
335,2021-01-30,Belgium,1573,711826,1343,645341,29,21251,45234
336,2021-01-31,Belgium,863,712689,802,646143,32,21283,45263
337,2021-02-01,Belgium,3383,716072,3030,649173,38,21321,45578
338,2021-02-02,Belgium,2683,718755,2438,651611,52,21373,45771
339,2021-02-03,Belgium,2416,721171,2178,653789,41,21414,45968
340,2021-02-04,Belgium,2414,723585,2131,655920,34,21448,46217
341,2021-02-05,Belgium,2487,726072,2129,658049,55,21503,46520
342,2021-02-06,Belgium,1271,727343,1145,659194,41,21544,46605
343,2021-02-07,Belgium,602,727945,678,659872,40,21584,46489
344,2021-02-08,Belgium,2610,730555,2991,662863,37,21621,46071
345,2021-02-09,Belgium,2157,732712,2426,665289,41,21662,45761
346,2021-02-10,Belgium,2157,734869,2497,667786,42,21704,45379
347,2021-02-11,Belgium,2102,736971,2334,670120,35,21739,45112
348,2021-02-12,Belgium,2045,739016,2588,672708,43,21782,44526
349,2021-02-13,Belgium,1137,740153,1332,674040,31,21813,44300
350,2021-02-14,Belgium,612,740765,783,674823,52,21865,44077
351,2021-02-15,Belgium,2793,743558,3378,678201,37,21902,43455
352,2021-02-16,Belgium,2398,745956,2728,680929,39,21941,43086
353,2021-02-17,Belgium,2557,748513,2558,683487,28,21969,43057
354,2021-02-18,Belgium,2579,751092,2554,686041,33,22002,43049
355,2021-02-19,Belgium,2845,753937,2990,689031,29,22031,42875
356,2021-02-20,Belgium,1561,755498,1544,690575,21,22052,42871
357,2021-02-21,Belgium,817,756315,831,691406,26,22078,42831
358,2021-02-22,Belgium,3381,759696,3345,694751,20,22098,42847
359,2021-02-23,Belgium,2919,762615,2631,697382,25,22123,43110
360,2021-02-24,Belgium,2764,765379,2375,699757,22,22145,43477
361,2021-02-25,Belgium,2662,768041,2380,702137,28,22173,43731
362,2021-02-26,Belgium,2836,770877,2432,704569,22,22195,44113
363,2021-02-27,Belgium,1504,772381,1230,705799,29,22224,44358
364,2021-02-28,Belgium,718,773099,562,706361,30,22254,44484
365,2021-03-01,Belgium,3244,776343,2573,708934,29,22283,45126
366,2021-03-02,Belgium,2775,779118,2116,711050,25,22308,45760
367,2021-03-03,Belgium,2772,781890,2115,713165,26,22334,46391
368,2021-03-04,Belgium,2708,784598,2067,715232,16,22350,47016
369,2021-03-05,Belgium,2751,787349,2002,717234,33,22383,47732
370,2021-03-06,Belgium,1524,788873,1106,718340,25,22408,48125
371,2021-03-07,Belgium,795,789668,560,718900,19,22427,48341
372,2021-03-08,Belgium,3710,793378,2756,721656,36,22463,49259
373,2021-03-09,Belgium,3420,796798,2359,724015,23,22486,50297
374,2021-03-10,Belgium,3412,800210,2529,726544,24,22510,51156
375,2021-03-11,Belgium,3518,803728,2546,729090,26,22536,52102
376,2021-03-12,Belgium,3765,807493,2816,731906,20,22556,53031
377,2021-03-13,Belgium,2182,809675,1540,733446,24,22580,53649
378,2021-03-14,Belgium,1397,811072,791,734237,20,22600,54235
379,2021-03-15,Belgium,5281,816353,3361,737598,25,22625,56130
380,2021-03-16,Belgium,4606,820959,2894,740492,27,22652,57815
381,2021-03-17,Belgium,4843,825802,2742,743234,25,22677,59891
382,2021-03-18,Belgium,5047,830849,2634,745868,26,22703,62278
383,2021-03-19,Belgium,5197,836046,2814,748682,31,22734,64630
384,2021-03-20,Belgium,2841,838887,1475,750157,24,22758,65972
385,2021-03-21,Belgium,1590,840477,688,750845,24,22782,66850
386,2021-03-22,Belgium,6285,846762,3215,754060,34,22816,69886
387,2021-03-23,Belgium,5997,852759,2750,756810,24,22840,73109
388,2021-03-24,Belgium,5555,858314,2746,759556,27,22867,75891
389,2021-03-25,Belgium,5579,863893,2692,762248,34,22901,78744
390,2021-03-26,Belgium,5714,869607,2718,764966,20,22921,81720
391,2021-03-27,Belgium,3056,872663,1499,766465,28,22949,83249
392,2021-03-28,Belgium,1683,874346,776,767241,23,22972,84133
393,2021-03-29,Belgium,6154,880500,3674,770915,31,23003,86582
394,2021-03-30,Belgium,5195,885695,3397,774312,33,23036,88347
395,2021-03-31,Belgium,4705,890400,3388,777700,31,23067,89633
396,2021-04-01,Belgium,4684,895084,3492,781192,40,23107,90785
397,2021-04-02,Belgium,4879,899963,3745,784937,46,23153,91873
398,2021-04-03,Belgium,2694,902657,2158,787095,40,23193,92369
399,2021-04-04,Belgium,1472,904129,1377,788472,36,23229,92428
400,2021-04-05,Belgium,1573,905702,5256,793728,49,23278,88696
401,2021-04-06,Belgium,5190,910892,4579,798307,46,23324,89261
402,2021-04-07,Belgium,4724,915616,4818,803125,42,23366,89125
403,2021-04-08,Belgium,4453,920069,5021,808146,43,23409,88514
404,2021-04-09,Belgium,4480,924549,5166,813312,44,23453,87784
405,2021-04-10,Belgium,2348,926897,2817,816129,46,23499,87269
406,2021-04-11,Belgium,1297,928194,1566,817695,22,23521,86978
407,2021-04-12,Belgium,4722,932916,6251,823946,43,23564,85406
408,2021-04-13,Belgium,4284,937200,5973,829919,37,23601,83680
409,2021-04-14,Belgium,3911,941111,5528,835447,39,23640,82024
410,2021-04-15,Belgium,3803,944914,5545,840992,42,23682,80240
411,2021-04-16,Belgium,4027,948941,5694,846686,45,23727,78528
412,2021-04-17,Belgium,2330,951271,3028,849714,30,23757,77800
413,2021-04-18,Belgium,1304,952575,1660,851374,34,23791,77410
414,2021-04-19,Belgium,5450,958025,6123,857497,50,23841,76687
415,2021-04-20,Belgium,4456,962481,5162,862659,36,23877,75945
416,2021-04-21,Belgium,4077,966558,4674,867333,36,23913,75312
417,2021-04-22,Belgium,3797,970355,4644,871977,43,23956,74422
418,2021-04-23,Belgium,3630,973985,4833,876810,42,23998,73177
419,2021-04-24,Belgium,1889,975874,2654,879464,36,24034,72376
420,2021-04-25,Belgium,1137,977011,1436,880900,39,24073,72038
421,2021-04-26,Belgium,4259,981270,1524,882424,44,24117,74729
422,2021-04-27,Belgium,3763,985033,5144,887568,26,24143,73322
423,2021-04-28,Belgium,3451,988484,4682,892250,49,24192,72042
424,2021-04-29,Belgium,3358,991842,4410,896660,46,24238,70944
425,2021-04-30,Belgium,3474,995316,4436,901096,33,24271,69949
426,2021-05-01,Belgium,1336,996652,2302,903398,28,24299,68955
427,2021-05-02,Belgium,1134,997786,1275,904673,34,24333,68780
428,2021-05-03,Belgium,4331,1002117,4679,909352,43,24376,68389
429,2021-05-04,Belgium,3653,1005770,4247,913599,40,24416,67755
430,2021-05-05,Belgium,3633,1009403,3872,917471,38,24454,67478
431,2021-05-06,Belgium,3490,1012893,3761,921232,38,24492,67169
432,2021-05-07,Belgium,3304,1016197,3982,925214,26,24518,66465
433,2021-05-08,Belgium,1707,1017904,2300,927514,42,24560,65830
434,2021-05-09,Belgium,867,1018771,1270,928784,32,24592,65395
435,2021-05-10,Belgium,3356,1022127,5400,934184,28,24620,63323
436,2021-05-11,Belgium,2988,1025115,4420,938604,17,24637,61874
437,2021-05-12,Belgium,2791,1027906,4041,942645,19,24656,60605
438,2021-05-13,Belgium,930,1028836,3754,946399,21,24677,57760
439,2021-05-14,Belgium,2557,1031393,3588,949987,20,24697,56709
440,2021-05-15,Belgium,1268,1032661,1853,951840,22,24719,56102
441,2021-05-16,Belgium,748,1033409,1098,952938,17,24736,55735
442,2021-05-17,Belgium,3593,1037002,4215,957153,24,24760,55089
443,2021-05-18,Belgium,3256,1040258,3737,960890,17,24777,54591
444,2021-05-19,Belgium,3145,1043403,3402,964292,25,24802,54309
445,2021-05-20,Belgium,2387,1045790,3312,967604,16,24818,53368
446,2021-05-21,Belgium,2438,1048228,3441,971045,18,24836,52347
447,2021-05-22,Belgium,1417,1049645,1308,972353,18,24854,52438
448,2021-05-23,Belgium,772,1050417,1100,973453,11,24865,52099
449,2021-05-24,Belgium,889,1051306,4288,977741,19,24884,48681
450,2021-05-25,Belgium,2742,1054048,3613,981354,16,24900,47794
451,2021-05-26,Belgium,2509,1056557,3595,984949,14,24914,46694
452,2021-05-27,Belgium,2177,1058734,3452,988401,6,24920,45413
453,2021-05-28,Belgium,2003,1060737,3278,991679,11,24931,44127
454,2021-05-29,Belgium,1103,1061840,1665,993344,16,24947,43549
455,2021-05-30,Belgium,589,1062429,835,994179,18,24965,43285
456,2021-05-31,Belgium,2017,1064446,3328,997507,14,24979,41960
457,2021-06-01,Belgium,1674,1066120,2971,1000478,11,24990,40652
458,2021-06-02,Belgium,1491,1067611,2772,1003250,16,25006,39355
459,2021-06-03,Belgium,1457,1069068,909,1004159,15,25021,39888
460,2021-06-04,Belgium,1340,1070408,2537,1006696,10,25031,38681
461,2021-06-05,Belgium,642,1071050,1246,1007942,13,25044,38064
462,2021-06-06,Belgium,387,1071437,731,1008673,7,25051,37713
463,2021-06-07,Belgium,1222,1072659,3569,1012242,4,25055,35362
464,2021-06-08,Belgium,1016,1073675,3239,1015481,13,25068,33126
465,2021-06-09,Belgium,824,1074499,3120,1018601,6,25074,30824
466,2021-06-10,Belgium,749,1075248,2371,1020972,7,25081,29195
467,2021-06-11,Belgium,770,1076018,2420,1023392,9,25090,27536
468,2021-06-12,Belgium,386,1076404,1399,1024791,6,25096,26517
469,2021-06-13,Belgium,200,1076604,761,1025552,4,25100,25952
470,2021-06-14,Belgium,752,1077356,870,1026422,5,25105,25829
471,2021-06-15,Belgium,520,1077876,2726,1029148,5,25110,23618
472,2021-06-16,Belgium,279,1078155,2495,1031643,6,25116,21396
473,2021-06-17,Belgium,2,1078157,2171,1033814,1,25117,19226
474,2021-06-18,Belgium,0,1078157,0,1033814,0,25117,19226
475,2020-03-01,VlaamsBrabant,7,7,0,0,0,0,7
476,2020-03-02,VlaamsBrabant,8,15,0,0,0,0,15
477,2020-03-03,VlaamsBrabant,6,21,0,0,0,0,21
478,2020-03-04,VlaamsBrabant,11,32,0,0,0,0,32
479,2020-03-05,VlaamsBrabant,17,49,0,0,0,0,49
480,2020-03-06,VlaamsBrabant,17,66,0,0,0,0,66
481,2020-03-07,VlaamsBrabant,0,66,0,0,0,0,66
482,2020-03-08,VlaamsBrabant,6,72,0,0,0,0,72
483,2020-03-09,VlaamsBrabant,14,86,0,0,0,0,86
484,2020-03-10,VlaamsBrabant,12,98,0,0,0,0,98
485,2020-03-11,VlaamsBrabant,27,125,0,0,0,0,125
486,2020-03-12,VlaamsBrabant,31,156,0,0,0,0,156
487,2020-03-13,VlaamsBrabant,37,193,0,0,0,0,193
488,2020-03-14,VlaamsBrabant,12,205,0,0,0,0,205
489,2020-03-15,VlaamsBrabant,27,232,7,7,0,0,225
490,2020-03-16,VlaamsBrabant,43,275,8,15,0,0,260
491,2020-03-17,VlaamsBrabant,41,316,6,21,0,0,295
492,2020-03-18,VlaamsBrabant,61,377,11,32,0,0,345
493,2020-03-19,VlaamsBrabant,70,447,17,49,0,0,398
494,2020-03-20,VlaamsBrabant,77,524,17,66,0,0,458
495,2020-03-21,VlaamsBrabant,47,571,0,66,0,0,505
496,2020-03-22,VlaamsBrabant,43,614,6,72,0,0,542
497,2020-03-23,VlaamsBrabant,132,746,14,86,0,0,660
498,2020-03-24,VlaamsBrabant,105,851,12,98,0,0,753
499,2020-03-25,VlaamsBrabant,128,979,27,125,0,0,854
500,2020-03-26,VlaamsBrabant,140,1119,31,156,0,0,963
501,2020-03-27,VlaamsBrabant,161,1280,37,193,0,0,1087
502,2020-03-28,VlaamsBrabant,96,1376,12,205,0,0,1171
503,2020-03-29,VlaamsBrabant,58,1434,27,232,0,0,1202
504,2020-03-30,VlaamsBrabant,149,1583,43,275,0,0,1308
505,2020-03-31,VlaamsBrabant,154,1737,41,316,0,0,1421
506,2020-04-01,VlaamsBrabant,152,1889,61,377,0,0,1512
507,2020-04-02,VlaamsBrabant,140,2029,70,447,0,0,1582
508,2020-04-03,VlaamsBrabant,170,2199,77,524,0,0,1675
509,2020-04-04,VlaamsBrabant,132,2331,47,571,0,0,1760
510,2020-04-05,VlaamsBrabant,45,2376,43,614,0,0,1762
511,2020-04-06,VlaamsBrabant,196,2572,132,746,0,0,1826
512,2020-04-07,VlaamsBrabant,131,2703,105,851,0,0,1852
513,2020-04-08,VlaamsBrabant,146,2849,128,979,0,0,1870
514,2020-04-09,VlaamsBrabant,173,3022,140,1119,0,0,1903
515,2020-04-10,VlaamsBrabant,227,3249,161,1280,0,0,1969
516,2020-04-11,VlaamsBrabant,192,3441,96,1376,0,0,2065
517,2020-04-12,VlaamsBrabant,60,3501,58,1434,0,0,2067
518,2020-04-13,VlaamsBrabant,86,3587,149,1583,0,0,2004
519,2020-04-14,VlaamsBrabant,95,3682,154,1737,0,0,1945
520,2020-04-15,VlaamsBrabant,110,3792,152,1889,0,0,1903
521,2020-04-16,VlaamsBrabant,128,3920,140,2029,0,0,1891
522,2020-04-17,VlaamsBrabant,116,4036,170,2199,0,0,1837
523,2020-04-18,VlaamsBrabant,32,4068,132,2331,0,0,1737
524,2020-04-19,VlaamsBrabant,23,4091,45,2376,0,0,1715
525,2020-04-20,VlaamsBrabant,57,4148,196,2572,0,0,1576
526,2020-04-21,VlaamsBrabant,105,4253,131,2703,0,0,1550
527,2020-04-22,VlaamsBrabant,105,4358,146,2849,0,0,1509
528,2020-04-23,VlaamsBrabant,61,4419,173,3022,0,0,1397
529,2020-04-24,VlaamsBrabant,105,4524,227,3249,0,0,1275
530,2020-04-25,VlaamsBrabant,20,4544,192,3441,0,0,1103
531,2020-04-26,VlaamsBrabant,18,4562,60,3501,0,0,1061
532,2020-04-27,VlaamsBrabant,73,4635,86,3587,0,0,1048
533,2020-04-28,VlaamsBrabant,55,4690,95,3682,0,0,1008
534,2020-04-29,VlaamsBrabant,30,4720,110,3792,0,0,928
535,2020-04-30,VlaamsBrabant,39,4759,128,3920,0,0,839
536,2020-05-01,VlaamsBrabant,20,4779,116,4036,0,0,743
537,2020-05-02,VlaamsBrabant,35,4814,32,4068,0,0,746
538,2020-05-03,VlaamsBrabant,13,4827,23,4091,0,0,736
539,2020-05-04,VlaamsBrabant,49,4876,57,4148,0,0,728
540,2020-05-05,VlaamsBrabant,37,4913,105,4253,0,0,660
541,2020-05-06,VlaamsBrabant,43,4956,105,4358,0,0,598
542,2020-05-07,VlaamsBrabant,19,4975,61,4419,0,0,556
543,2020-05-08,VlaamsBrabant,30,5005,105,4524,0,0,481
544,2020-05-09,VlaamsBrabant,11,5016,20,4544,0,0,472
545,2020-05-10,VlaamsBrabant,7,5023,18,4562,0,0,461
546,2020-05-11,VlaamsBrabant,34,5057,73,4635,0,0,422
547,2020-05-12,VlaamsBrabant,27,5084,55,4690,0,0,394
548,2020-05-13,VlaamsBrabant,25,5109,30,4720,0,0,389
549,2020-05-14,VlaamsBrabant,16,5125,39,4759,0,0,366
550,2020-05-15,VlaamsBrabant,12,5137,20,4779,0,0,358
551,2020-05-16,VlaamsBrabant,11,5148,35,4814,0,0,334
552,2020-05-17,VlaamsBrabant,7,5155,13,4827,0,0,328
553,2020-05-18,VlaamsBrabant,20,5175,49,4876,0,0,299
554,2020-05-19,VlaamsBrabant,16,5191,37,4913,0,0,278
555,2020-05-20,VlaamsBrabant,17,5208,43,4956,0,0,252
556,2020-05-21,VlaamsBrabant,3,5211,19,4975,0,0,236
557,2020-05-22,VlaamsBrabant,17,5228,30,5005,0,0,223
558,2020-05-23,VlaamsBrabant,5,5233,11,5016,0,0,217
559,2020-05-24,VlaamsBrabant,4,5237,7,5023,0,0,214
560,2020-05-25,VlaamsBrabant,14,5251,34,5057,0,0,194
561,2020-05-26,VlaamsBrabant,15,5266,27,5084,0,0,182
562,2020-05-27,VlaamsBrabant,15,5281,25,5109,0,0,172
563,2020-05-28,VlaamsBrabant,6,5287,16,5125,0,0,162
564,2020-05-29,VlaamsBrabant,11,5298,12,5137,0,0,161
565,2020-05-30,VlaamsBrabant,7,5305,11,5148,0,0,157
566,2020-05-31,VlaamsBrabant,2,5307,7,5155,0,0,152
567,2020-06-01,VlaamsBrabant,3,5310,20,5175,0,0,135
568,2020-06-02,VlaamsBrabant,12,5322,16,5191,0,0,131
569,2020-06-03,VlaamsBrabant,14,5336,17,5208,0,0,128
570,2020-06-04,VlaamsBrabant,15,5351,3,5211,0,0,140
571,2020-06-05,VlaamsBrabant,14,5365,17,5228,0,0,137
572,2020-06-06,VlaamsBrabant,6,5371,5,5233,0,0,138
573,2020-06-07,VlaamsBrabant,4,5375,4,5237,0,0,138
574,2020-06-08,VlaamsBrabant,20,5395,14,5251,0,0,144
575,2020-06-09,VlaamsBrabant,12,5407,15,5266,0,0,141
576,2020-06-10,VlaamsBrabant,14,5421,15,5281,0,0,140
577,2020-06-11,VlaamsBrabant,6,5427,6,5287,0,0,140
578,2020-06-12,VlaamsBrabant,7,5434,11,5298,0,0,136
579,2020-06-13,VlaamsBrabant,3,5437,7,5305,0,0,132
580,2020-06-14,VlaamsBrabant,2,5439,2,5307,0,0,132
581,2020-06-15,VlaamsBrabant,9,5448,3,5310,0,0,138
582,2020-06-16,VlaamsBrabant,8,5456,12,5322,0,0,134
583,2020-06-17,VlaamsBrabant,10,5466,14,5336,0,0,130
584,2020-06-18,VlaamsBrabant,8,5474,15,5351,0,0,123
585,2020-06-19,VlaamsBrabant,5,5479,14,5365,0,0,114
586,2020-06-20,VlaamsBrabant,1,5480,6,5371,0,0,109
587,2020-06-21,VlaamsBrabant,2,5482,4,5375,0,0,107
588,2020-06-22,VlaamsBrabant,6,5488,20,5395,0,0,93
589,2020-06-23,VlaamsBrabant,4,5492,12,5407,0,0,85
590,2020-06-24,VlaamsBrabant,5,5497,14,5421,0,0,76
591,2020-06-25,VlaamsBrabant,9,5506,6,5427,0,0,79
592,2020-06-26,VlaamsBrabant,5,5511,7,5434,0,0,77
593,2020-06-27,VlaamsBrabant,3,5514,3,5437,0,0,77
594,2020-06-28,VlaamsBrabant,1,5515,2,5439,0,0,76
595,2020-06-29,VlaamsBrabant,8,5523,9,5448,0,0,75
596,2020-06-30,VlaamsBrabant,5,5528,8,5456,0,0,72
597,2020-07-01,VlaamsBrabant,7,5535,10,5466,0,0,69
598,2020-07-02,VlaamsBrabant,13,5548,8,5474,0,0,74
599,2020-07-03,VlaamsBrabant,2,5550,5,5479,0,0,71
600,2020-07-04,VlaamsBrabant,3,5553,1,5480,0,0,73
601,2020-07-05,VlaamsBrabant,0,5553,2,5482,0,0,71
602,2020-07-06,VlaamsBrabant,9,5562,6,5488,0,0,74
603,2020-07-07,VlaamsBrabant,8,5570,4,5492,0,0,78
604,2020-07-08,VlaamsBrabant,9,5579,5,5497,0,0,82
605,2020-07-09,VlaamsBrabant,7,5586,9,5506,0,0,80
606,2020-07-10,VlaamsBrabant,10,5596,5,5511,0,0,85
607,2020-07-11,VlaamsBrabant,5,5601,3,5514,0,0,87
608,2020-07-12,VlaamsBrabant,3,5604,1,5515,0,0,89
609,2020-07-13,VlaamsBrabant,9,5613,8,5523,0,0,90
610,2020-07-14,VlaamsBrabant,14,5627,5,5528,0,0,99
611,2020-07-15,VlaamsBrabant,17,5644,7,5535,0,0,109
612,2020-07-16,VlaamsBrabant,18,5662,13,5548,0,0,114
613,2020-07-17,VlaamsBrabant,10,5672,2,5550,0,0,122
614,2020-07-18,VlaamsBrabant,7,5679,3,5553,0,0,126
615,2020-07-19,VlaamsBrabant,1,5680,0,5553,0,0,127
616,2020-07-20,VlaamsBrabant,21,5701,9,5562,0,0,139
617,2020-07-21,VlaamsBrabant,1,5702,8,5570,0,0,132
618,2020-07-22,VlaamsBrabant,27,5729,9,5579,0,0,150
619,2020-07-23,VlaamsBrabant,18,5747,7,5586,0,0,161
620,2020-07-24,VlaamsBrabant,18,5765,10,5596,0,0,169
621,2020-07-25,VlaamsBrabant,7,5772,5,5601,0,0,171
622,2020-07-26,VlaamsBrabant,7,5779,3,5604,0,0,175
623,2020-07-27,VlaamsBrabant,24,5803,9,5613,0,0,190
624,2020-07-28,VlaamsBrabant,32,5835,14,5627,0,0,208
625,2020-07-29,VlaamsBrabant,37,5872,17,5644,0,0,228
626,2020-07-30,VlaamsBrabant,48,5920,18,5662,0,0,258
627,2020-07-31,VlaamsBrabant,30,5950,10,5672,0,0,278
628,2020-08-01,VlaamsBrabant,15,5965,7,5679,0,0,286
629,2020-08-02,VlaamsBrabant,3,5968,1,5680,0,0,288
630,2020-08-03,VlaamsBrabant,48,6016,21,5701,0,0,315
631,2020-08-04,VlaamsBrabant,49,6065,1,5702,0,0,363
632,2020-08-05,VlaamsBrabant,54,6119,27,5729,0,0,390
633,2020-08-06,VlaamsBrabant,36,6155,18,5747,0,0,408
634,2020-08-07,VlaamsBrabant,38,6193,18,5765,0,0,428
635,2020-08-08,VlaamsBrabant,11,6204,7,5772,0,0,432
636,2020-08-09,VlaamsBrabant,11,6215,7,5779,0,0,436
637,2020-08-10,VlaamsBrabant,56,6271,24,5803,0,0,468
638,2020-08-11,VlaamsBrabant,37,6308,32,5835,0,0,473
639,2020-08-12,VlaamsBrabant,29,6337,37,5872,0,0,465
640,2020-08-13,VlaamsBrabant,47,6384,48,5920,0,0,464
641,2020-08-14,VlaamsBrabant,44,6428,30,5950,0,0,478
642,2020-08-15,VlaamsBrabant,14,6442,15,5965,0,0,477
643,2020-08-16,VlaamsBrabant,6,6448,3,5968,0,0,480
644,2020-08-17,VlaamsBrabant,65,6513,48,6016,0,0,497
645,2020-08-18,VlaamsBrabant,58,6571,49,6065,0,0,506
646,2020-08-19,VlaamsBrabant,43,6614,54,6119,0,0,495
647,2020-08-20,VlaamsBrabant,42,6656,36,6155,0,0,501
648,2020-08-21,VlaamsBrabant,49,6705,38,6193,0,0,512
649,2020-08-22,VlaamsBrabant,13,6718,11,6204,0,0,514
650,2020-08-23,VlaamsBrabant,7,6725,11,6215,0,0,510
651,2020-08-24,VlaamsBrabant,64,6789,56,6271,0,0,518
652,2020-08-25,VlaamsBrabant,49,6838,37,6308,0,0,530
653,2020-08-26,VlaamsBrabant,53,6891,29,6337,0,0,554
654,2020-08-27,VlaamsBrabant,59,6950,47,6384,0,0,566
655,2020-08-28,VlaamsBrabant,57,7007,44,6428,0,0,579
656,2020-08-29,VlaamsBrabant,17,7024,14,6442,0,0,582
657,2020-08-30,VlaamsBrabant,10,7034,6,6448,0,0,586
658,2020-08-31,VlaamsBrabant,55,7089,65,6513,0,0,576
659,2020-09-01,VlaamsBrabant,51,7140,58,6571,0,0,569
660,2020-09-02,VlaamsBrabant,38,7178,43,6614,0,0,564
661,2020-09-03,VlaamsBrabant,58,7236,42,6656,0,0,580
662,2020-09-04,VlaamsBrabant,50,7286,49,6705,0,0,581
663,2020-09-05,VlaamsBrabant,23,7309,13,6718,0,0,591
664,2020-09-06,VlaamsBrabant,14,7323,7,6725,0,0,598
665,2020-09-07,VlaamsBrabant,86,7409,64,6789,0,0,620
666,2020-09-08,VlaamsBrabant,73,7482,49,6838,0,0,644
667,2020-09-09,VlaamsBrabant,70,7552,53,6891,0,0,661
668,2020-09-10,VlaamsBrabant,76,7628,59,6950,0,0,678
669,2020-09-11,VlaamsBrabant,81,7709,57,7007,0,0,702
670,2020-09-12,VlaamsBrabant,42,7751,17,7024,0,0,727
671,2020-09-13,VlaamsBrabant,35,7786,10,7034,0,0,752
672,2020-09-14,VlaamsBrabant,178,7964,55,7089,0,0,875
673,2020-09-15,VlaamsBrabant,145,8109,51,7140,0,0,969
674,2020-09-16,VlaamsBrabant,189,8298,38,7178,0,0,1120
675,2020-09-17,VlaamsBrabant,137,8435,58,7236,0,0,1199
676,2020-09-18,VlaamsBrabant,136,8571,50,7286,0,0,1285
677,2020-09-19,VlaamsBrabant,70,8641,23,7309,0,0,1332
678,2020-09-20,VlaamsBrabant,29,8670,14,7323,0,0,1347
679,2020-09-21,VlaamsBrabant,208,8878,86,7409,0,0,1469
680,2020-09-22,VlaamsBrabant,208,9086,73,7482,0,0,1604
681,2020-09-23,VlaamsBrabant,160,9246,70,7552,0,0,1694
682,2020-09-24,VlaamsBrabant,169,9415,76,7628,0,0,1787
683,2020-09-25,VlaamsBrabant,179,9594,81,7709,0,0,1885
684,2020-09-26,VlaamsBrabant,60,9654,42,7751,0,0,1903
685,2020-09-27,VlaamsBrabant,41,9695,35,7786,0,0,1909
686,2020-09-28,VlaamsBrabant,236,9931,178,7964,0,0,1967
687,2020-09-29,VlaamsBrabant,286,10217,145,8109,0,0,2108
688,2020-09-30,VlaamsBrabant,246,10463,189,8298,0,0,2165
689,2020-10-01,VlaamsBrabant,319,10782,137,8435,0,0,2347
690,2020-10-02,VlaamsBrabant,285,11067,136,8571,0,0,2496
691,2020-10-03,VlaamsBrabant,160,11227,70,8641,0,0,2586
692,2020-10-04,VlaamsBrabant,98,11325,29,8670,0,0,2655
693,2020-10-05,VlaamsBrabant,510,11835,208,8878,0,0,2957
694,2020-10-06,VlaamsBrabant,499,12334,208,9086,0,0,3248
695,2020-10-07,VlaamsBrabant,575,12909,160,9246,0,0,3663
696,2020-10-08,VlaamsBrabant,534,13443,169,9415,0,0,4028
697,2020-10-09,VlaamsBrabant,670,14113,179,9594,0,0,4519
698,2020-10-10,VlaamsBrabant,327,14440,60,9654,0,0,4786
699,2020-10-11,VlaamsBrabant,186,14626,41,9695,0,0,4931
700,2020-10-12,VlaamsBrabant,922,15548,236,9931,0,0,5617
701,2020-10-13,VlaamsBrabant,1067,16615,286,10217,0,0,6398
702,2020-10-14,VlaamsBrabant,968,17583,246,10463,0,0,7120
703,2020-10-15,VlaamsBrabant,881,18464,319,10782,0,0,7682
704,2020-10-16,VlaamsBrabant,1227,19691,285,11067,0,0,8624
705,2020-10-17,VlaamsBrabant,530,20221,160,11227,0,0,8994
706,2020-10-18,VlaamsBrabant,281,20502,98,11325,0,0,9177
707,2020-10-19,VlaamsBrabant,1498,22000,510,11835,0,0,10165
708,2020-10-20,VlaamsBrabant,1682,23682,499,12334,0,0,11348
709,2020-10-21,VlaamsBrabant,1359,25041,575,12909,0,0,12132
710,2020-10-22,VlaamsBrabant,1415,26456,534,13443,0,0,13013
711,2020-10-23,VlaamsBrabant,1394,27850,670,14113,0,0,13737
712,2020-10-24,VlaamsBrabant,715,28565,327,14440,0,0,14125
713,2020-10-25,VlaamsBrabant,265,28830,186,14626,0,0,14204
714,2020-10-26,VlaamsBrabant,1764,30594,922,15548,0,0,15046
715,2020-10-27,VlaamsBrabant,1616,32210,1067,16615,0,0,15595
716,2020-10-28,VlaamsBrabant,1077,33287,968,17583,0,0,15704
717,2020-10-29,VlaamsBrabant,958,34245,881,18464,0,0,15781
718,2020-10-30,VlaamsBrabant,953,35198,1227,19691,0,0,15507
719,2020-10-31,VlaamsBrabant,363,35561,530,20221,0,0,15340
720,2020-11-01,VlaamsBrabant,157,35718,281,20502,0,0,15216
721,2020-11-02,VlaamsBrabant,1025,36743,1498,22000,0,0,14743
722,2020-11-03,VlaamsBrabant,682,37425,1682,23682,0,0,13743
723,2020-11-04,VlaamsBrabant,615,38040,1359,25041,0,0,12999
724,2020-11-05,VlaamsBrabant,496,38536,1415,26456,0,0,12080
725,2020-11-06,VlaamsBrabant,368,38904,1394,27850,0,0,11054
726,2020-11-07,VlaamsBrabant,191,39095,715,28565,0,0,10530
727,2020-11-08,VlaamsBrabant,93,39188,265,28830,0,0,10358
728,2020-11-09,VlaamsBrabant,591,39779,1764,30594,0,0,9185
729,2020-11-10,VlaamsBrabant,479,40258,1616,32210,0,0,8048
730,2020-11-11,VlaamsBrabant,95,40353,1077,33287,0,0,7066
731,2020-11-12,VlaamsBrabant,473,40826,958,34245,0,0,6581
732,2020-11-13,VlaamsBrabant,323,41149,953,35198,0,0,5951
733,2020-11-14,VlaamsBrabant,124,41273,363,35561,0,0,5712
734,2020-11-15,VlaamsBrabant,48,41321,157,35718,0,0,5603
735,2020-11-16,VlaamsBrabant,422,41743,1025,36743,0,0,5000
736,2020-11-17,VlaamsBrabant,236,41979,682,37425,0,0,4554
737,2020-11-18,VlaamsBrabant,215,42194,615,38040,0,0,4154
738,2020-11-19,VlaamsBrabant,204,42398,496,38536,0,0,3862
739,2020-11-20,VlaamsBrabant,205,42603,368,38904,0,0,3699
740,2020-11-21,VlaamsBrabant,82,42685,191,39095,0,0,3590
741,2020-11-22,VlaamsBrabant,45,42730,93,39188,0,0,3542
742,2020-11-23,VlaamsBrabant,318,43048,591,39779,0,0,3269
743,2020-11-24,VlaamsBrabant,219,43267,479,40258,0,0,3009
744,2020-11-25,VlaamsBrabant,192,43459,95,40353,0,0,3106
745,2020-11-26,VlaamsBrabant,174,43633,473,40826,0,0,2807
746,2020-11-27,VlaamsBrabant,260,43893,323,41149,0,0,2744
747,2020-11-28,VlaamsBrabant,65,43958,124,41273,0,0,2685
748,2020-11-29,VlaamsBrabant,41,43999,48,41321,0,0,2678
749,2020-11-30,VlaamsBrabant,290,44289,422,41743,0,0,2546
750,2020-12-01,VlaamsBrabant,206,44495,236,41979,0,0,2516
751,2020-12-02,VlaamsBrabant,216,44711,215,42194,0,0,2517
752,2020-12-03,VlaamsBrabant,213,44924,204,42398,0,0,2526
753,2020-12-04,VlaamsBrabant,253,45177,205,42603,0,0,2574
754,2020-12-05,VlaamsBrabant,89,45266,82,42685,0,0,2581
755,2020-12-06,VlaamsBrabant,83,45349,45,42730,0,0,2619
756,2020-12-07,VlaamsBrabant,252,45601,318,43048,0,0,2553
757,2020-12-08,VlaamsBrabant,227,45828,219,43267,0,0,2561
758,2020-12-09,VlaamsBrabant,180,46008,192,43459,0,0,2549
759,2020-12-10,VlaamsBrabant,197,46205,174,43633,0,0,2572
760,2020-12-11,VlaamsBrabant,184,46389,260,43893,0,0,2496
761,2020-12-12,VlaamsBrabant,124,46513,65,43958,0,0,2555
762,2020-12-13,VlaamsBrabant,53,46566,41,43999,0,0,2567
763,2020-12-14,VlaamsBrabant,272,46838,290,44289,0,0,2549
764,2020-12-15,VlaamsBrabant,268,47106,206,44495,0,0,2611
765,2020-12-16,VlaamsBrabant,180,47286,216,44711,0,0,2575
766,2020-12-17,VlaamsBrabant,159,47445,213,44924,0,0,2521
767,2020-12-18,VlaamsBrabant,198,47643,253,45177,0,0,2466
768,2020-12-19,VlaamsBrabant,80,47723,89,45266,0,0,2457
769,2020-12-20,VlaamsBrabant,44,47767,83,45349,0,0,2418
770,2020-12-21,VlaamsBrabant,226,47993,252,45601,0,0,2392
771,2020-12-22,VlaamsBrabant,202,48195,227,45828,0,0,2367
772,2020-12-23,VlaamsBrabant,186,48381,180,46008,0,0,2373
773,2020-12-24,VlaamsBrabant,120,48501,197,46205,0,0,2296
774,2020-12-25,VlaamsBrabant,35,48536,184,46389,0,0,2147
775,2020-12-26,VlaamsBrabant,64,48600,124,46513,0,0,2087
776,2020-12-27,VlaamsBrabant,35,48635,53,46566,0,0,2069
777,2020-12-28,VlaamsBrabant,183,48818,272,46838,0,0,1980
778,2020-12-29,VlaamsBrabant,202,49020,268,47106,0,0,1914
779,2020-12-30,VlaamsBrabant,167,49187,180,47286,0,0,1901
780,2020-12-31,VlaamsBrabant,124,49311,159,47445,0,0,1866
781,2021-01-01,VlaamsBrabant,26,49337,198,47643,0,0,1694
782,2021-01-02,VlaamsBrabant,69,49406,80,47723,0,0,1683
783,2021-01-03,VlaamsBrabant,60,49466,44,47767,0,0,1699
784,2021-01-04,VlaamsBrabant,278,49744,226,47993,0,0,1751
785,2021-01-05,VlaamsBrabant,213,49957,202,48195,0,0,1762
786,2021-01-06,VlaamsBrabant,214,50171,186,48381,0,0,1790
787,2021-01-07,VlaamsBrabant,159,50330,120,48501,0,0,1829
788,2021-01-08,VlaamsBrabant,169,50499,35,48536,0,0,1963
789,2021-01-09,VlaamsBrabant,97,50596,64,48600,0,0,1996
790,2021-01-10,VlaamsBrabant,67,50663,35,48635,0,0,2028
791,2021-01-11,VlaamsBrabant,227,50890,183,48818,0,0,2072
792,2021-01-12,VlaamsBrabant,178,51068,202,49020,0,0,2048
793,2021-01-13,VlaamsBrabant,176,51244,167,49187,0,0,2057
794,2021-01-14,VlaamsBrabant,210,51454,124,49311,0,0,2143
795,2021-01-15,VlaamsBrabant,159,51613,26,49337,0,0,2276
796,2021-01-16,VlaamsBrabant,79,51692,69,49406,0,0,2286
797,2021-01-17,VlaamsBrabant,54,51746,60,49466,0,0,2280
798,2021-01-18,VlaamsBrabant,253,51999,278,49744,0,0,2255
799,2021-01-19,VlaamsBrabant,221,52220,213,49957,0,0,2263
800,2021-01-20,VlaamsBrabant,181,52401,214,50171,0,0,2230
801,2021-01-21,VlaamsBrabant,172,52573,159,50330,0,0,2243
802,2021-01-22,VlaamsBrabant,223,52796,169,50499,0,0,2297
803,2021-01-23,VlaamsBrabant,101,52897,97,50596,0,0,2301
804,2021-01-24,VlaamsBrabant,88,52985,67,50663,0,0,2322
805,2021-01-25,VlaamsBrabant,332,53317,227,50890,0,0,2427
806,2021-01-26,VlaamsBrabant,257,53574,178,51068,0,0,2506
807,2021-01-27,VlaamsBrabant,228,53802,176,51244,0,0,2558
808,2021-01-28,VlaamsBrabant,229,54031,210,51454,0,0,2577
809,2021-01-29,VlaamsBrabant,251,54282,159,51613,0,0,2669
810,2021-01-30,VlaamsBrabant,136,54418,79,51692,0,0,2726
811,2021-01-31,VlaamsBrabant,60,54478,54,51746,0,0,2732
812,2021-02-01,VlaamsBrabant,284,54762,253,51999,0,0,2763
813,2021-02-02,VlaamsBrabant,312,55074,221,52220,0,0,2854
814,2021-02-03,VlaamsBrabant,204,55278,181,52401,0,0,2877
815,2021-02-04,VlaamsBrabant,196,55474,172,52573,0,0,2901
816,2021-02-05,VlaamsBrabant,199,55673,223,52796,0,0,2877
817,2021-02-06,VlaamsBrabant,93,55766,101,52897,0,0,2869
818,2021-02-07,VlaamsBrabant,43,55809,88,52985,0,0,2824
819,2021-02-08,VlaamsBrabant,209,56018,332,53317,0,0,2701
820,2021-02-09,VlaamsBrabant,180,56198,257,53574,0,0,2624
821,2021-02-10,VlaamsBrabant,173,56371,228,53802,0,0,2569
822,2021-02-11,VlaamsBrabant,170,56541,229,54031,0,0,2510
823,2021-02-12,VlaamsBrabant,152,56693,251,54282,0,0,2411
824,2021-02-13,VlaamsBrabant,95,56788,136,54418,0,0,2370
825,2021-02-14,VlaamsBrabant,49,56837,60,54478,0,0,2359
826,2021-02-15,VlaamsBrabant,283,57120,284,54762,0,0,2358
827,2021-02-16,VlaamsBrabant,194,57314,312,55074,0,0,2240
828,2021-02-17,VlaamsBrabant,219,57533,204,55278,0,0,2255
829,2021-02-18,VlaamsBrabant,237,57770,196,55474,0,0,2296
830,2021-02-19,VlaamsBrabant,306,58076,199,55673,0,0,2403
831,2021-02-20,VlaamsBrabant,141,58217,93,55766,0,0,2451
832,2021-02-21,VlaamsBrabant,64,58281,43,55809,0,0,2472
833,2021-02-22,VlaamsBrabant,312,58593,209,56018,0,0,2575
834,2021-02-23,VlaamsBrabant,231,58824,180,56198,0,0,2626
835,2021-02-24,VlaamsBrabant,229,59053,173,56371,0,0,2682
836,2021-02-25,VlaamsBrabant,216,59269,170,56541,0,0,2728
837,2021-02-26,VlaamsBrabant,216,59485,152,56693,0,0,2792
838,2021-02-27,VlaamsBrabant,121,59606,95,56788,0,0,2818
839,2021-02-28,VlaamsBrabant,70,59676,49,56837,0,0,2839
840,2021-03-01,VlaamsBrabant,280,59956,283,57120,0,0,2836
841,2021-03-02,VlaamsBrabant,241,60197,194,57314,0,0,2883
842,2021-03-03,VlaamsBrabant,218,60415,219,57533,0,0,2882
843,2021-03-04,VlaamsBrabant,225,60640,237,57770,0,0,2870
844,2021-03-05,VlaamsBrabant,201,60841,306,58076,0,0,2765
845,2021-03-06,VlaamsBrabant,125,60966,141,58217,0,0,2749
846,2021-03-07,VlaamsBrabant,66,61032,64,58281,0,0,2751
847,2021-03-08,VlaamsBrabant,304,61336,312,58593,0,0,2743
848,2021-03-09,VlaamsBrabant,258,61594,231,58824,0,0,2770
849,2021-03-10,VlaamsBrabant,230,61824,229,59053,0,0,2771
850,2021-03-11,VlaamsBrabant,268,62092,216,59269,0,0,2823
851,2021-03-12,VlaamsBrabant,295,62387,216,59485,0,0,2902
852,2021-03-13,VlaamsBrabant,164,62551,121,59606,0,0,2945
853,2021-03-14,VlaamsBrabant,114,62665,70,59676,0,0,2989
854,2021-03-15,VlaamsBrabant,442,63107,280,59956,0,0,3151
855,2021-03-16,VlaamsBrabant,322,63429,241,60197,0,0,3232
856,2021-03-17,VlaamsBrabant,399,63828,218,60415,0,0,3413
857,2021-03-18,VlaamsBrabant,378,64206,225,60640,0,0,3566
858,2021-03-19,VlaamsBrabant,394,64600,201,60841,0,0,3759
859,2021-03-20,VlaamsBrabant,160,64760,125,60966,0,0,3794
860,2021-03-21,VlaamsBrabant,154,64914,66,61032,0,0,3882
861,2021-03-22,VlaamsBrabant,481,65395,304,61336,0,0,4059
862,2021-03-23,VlaamsBrabant,454,65849,258,61594,0,0,4255
863,2021-03-24,VlaamsBrabant,450,66299,230,61824,0,0,4475
864,2021-03-25,VlaamsBrabant,401,66700,268,62092,0,0,4608
865,2021-03-26,VlaamsBrabant,405,67105,295,62387,0,0,4718
866,2021-03-27,VlaamsBrabant,222,67327,164,62551,0,0,4776
867,2021-03-28,VlaamsBrabant,154,67481,114,62665,0,0,4816
868,2021-03-29,VlaamsBrabant,492,67973,442,63107,0,0,4866
869,2021-03-30,VlaamsBrabant,368,68341,322,63429,0,0,4912
870,2021-03-31,VlaamsBrabant,313,68654,399,63828,0,0,4826
871,2021-04-01,VlaamsBrabant,278,68932,378,64206,0,0,4726
872,2021-04-02,VlaamsBrabant,335,69267,394,64600,0,0,4667
873,2021-04-03,VlaamsBrabant,181,69448,160,64760,0,0,4688
874,2021-04-04,VlaamsBrabant,141,69589,154,64914,0,0,4675
875,2021-04-05,VlaamsBrabant,139,69728,481,65395,0,0,4333
876,2021-04-06,VlaamsBrabant,383,70111,454,65849,0,0,4262
877,2021-04-07,VlaamsBrabant,308,70419,450,66299,0,0,4120
878,2021-04-08,VlaamsBrabant,302,70721,401,66700,0,0,4021
879,2021-04-09,VlaamsBrabant,288,71009,405,67105,0,0,3904
880,2021-04-10,VlaamsBrabant,145,71154,222,67327,0,0,3827
881,2021-04-11,VlaamsBrabant,97,71251,154,67481,0,0,3770
882,2021-04-12,VlaamsBrabant,314,71565,492,67973,0,0,3592
883,2021-04-13,VlaamsBrabant,234,71799,368,68341,0,0,3458
884,2021-04-14,VlaamsBrabant,238,72037,313,68654,0,0,3383
885,2021-04-15,VlaamsBrabant,244,72281,278,68932,0,0,3349
886,2021-04-16,VlaamsBrabant,276,72557,335,69267,0,0,3290
887,2021-04-17,VlaamsBrabant,158,72715,181,69448,0,0,3267
888,2021-04-18,VlaamsBrabant,99,72814,141,69589,0,0,3225
889,2021-04-19,VlaamsBrabant,455,73269,139,69728,0,0,3541
890,2021-04-20,VlaamsBrabant,274,73543,383,70111,0,0,3432
891,2021-04-21,VlaamsBrabant,288,73831,308,70419,0,0,3412
892,2021-04-22,VlaamsBrabant,250,74081,302,70721,0,0,3360
893,2021-04-23,VlaamsBrabant,251,74332,288,71009,0,0,3323
894,2021-04-24,VlaamsBrabant,129,74461,145,71154,0,0,3307
895,2021-04-25,VlaamsBrabant,116,74577,97,71251,0,0,3326
896,2021-04-26,VlaamsBrabant,334,74911,314,71565,0,0,3346
897,2021-04-27,VlaamsBrabant,276,75187,234,71799,0,0,3388
898,2021-04-28,VlaamsBrabant,298,75485,238,72037,0,0,3448
899,2021-04-29,VlaamsBrabant,259,75744,244,72281,0,0,3463
900,2021-04-30,VlaamsBrabant,233,75977,276,72557,0,0,3420
901,2021-05-01,VlaamsBrabant,99,76076,158,72715,0,0,3361
902,2021-05-02,VlaamsBrabant,108,76184,99,72814,0,0,3370
903,2021-05-03,VlaamsBrabant,309,76493,455,73269,0,0,3224
904,2021-05-04,VlaamsBrabant,260,76753,274,73543,0,0,3210
905,2021-05-05,VlaamsBrabant,234,76987,288,73831,0,0,3156
906,2021-05-06,VlaamsBrabant,211,77198,250,74081,0,0,3117
907,2021-05-07,VlaamsBrabant,272,77470,251,74332,0,0,3138
908,2021-05-08,VlaamsBrabant,90,77560,129,74461,0,0,3099
909,2021-05-09,VlaamsBrabant,79,77639,116,74577,0,0,3062
910,2021-05-10,VlaamsBrabant,245,77884,334,74911,0,0,2973
911,2021-05-11,VlaamsBrabant,187,78071,276,75187,0,0,2884
912,2021-05-12,VlaamsBrabant,202,78273,298,75485,0,0,2788
913,2021-05-13,VlaamsBrabant,70,78343,259,75744,0,0,2599
914,2021-05-14,VlaamsBrabant,184,78527,233,75977,0,0,2550
915,2021-05-15,VlaamsBrabant,72,78599,99,76076,0,0,2523
916,2021-05-16,VlaamsBrabant,49,78648,108,76184,0,0,2464
917,2021-05-17,VlaamsBrabant,273,78921,309,76493,0,0,2428
918,2021-05-18,VlaamsBrabant,246,79167,260,76753,0,0,2414
919,2021-05-19,VlaamsBrabant,227,79394,234,76987,0,0,2407
920,2021-05-20,VlaamsBrabant,180,79574,211,77198,0,0,2376
921,2021-05-21,VlaamsBrabant,194,79768,272,77470,0,0,2298
922,2021-05-22,VlaamsBrabant,121,79889,90,77560,0,0,2329
923,2021-05-23,VlaamsBrabant,61,79950,79,77639,0,0,2311
924,2021-05-24,VlaamsBrabant,69,80019,245,77884,0,0,2135
925,2021-05-25,VlaamsBrabant,225,80244,187,78071,0,0,2173
926,2021-05-26,VlaamsBrabant,182,80426,202,78273,0,0,2153
927,2021-05-27,VlaamsBrabant,136,80562,70,78343,0,0,2219
928,2021-05-28,VlaamsBrabant,136,80698,184,78527,0,0,2171
929,2021-05-29,VlaamsBrabant,70,80768,72,78599,0,0,2169
930,2021-05-30,VlaamsBrabant,61,80829,49,78648,0,0,2181
931,2021-05-31,VlaamsBrabant,164,80993,273,78921,0,0,2072
932,2021-06-01,VlaamsBrabant,111,81104,246,79167,0,0,1937
933,2021-06-02,VlaamsBrabant,90,81194,227,79394,0,0,1800
934,2021-06-03,VlaamsBrabant,97,81291,180,79574,0,0,1717
935,2021-06-04,VlaamsBrabant,108,81399,194,79768,0,0,1631
936,2021-06-05,VlaamsBrabant,48,81447,121,79889,0,0,1558
937,2021-06-06,VlaamsBrabant,34,81481,61,79950,0,0,1531
938,2021-06-07,VlaamsBrabant,95,81576,69,80019,0,0,1557
939,2021-06-08,VlaamsBrabant,102,81678,225,80244,0,0,1434
940,2021-06-09,VlaamsBrabant,65,81743,182,80426,0,0,1317
941,2021-06-10,VlaamsBrabant,60,81803,136,80562,0,0,1241
942,2021-06-11,VlaamsBrabant,71,81874,136,80698,0,0,1176
943,2021-06-12,VlaamsBrabant,36,81910,70,80768,0,0,1142
944,2021-06-13,VlaamsBrabant,32,81942,61,80829,0,0,1113
945,2021-06-14,VlaamsBrabant,66,82008,164,80993,0,0,1015
946,2021-06-15,VlaamsBrabant,39,82047,0,80993,0,0,1054
947,2021-06-16,VlaamsBrabant,30,82077,0,80993,0,0,1084
948,2021-06-17,VlaamsBrabant,0,82077,0,80993,0,0,1084
949,2021-06-18,VlaamsBrabant,0,82077,0,80993,0,0,1084
950,2020-03-01,WestVlaanderen,0,0,0,0,0,0,0
951,2020-03-02,WestVlaanderen,2,2,0,0,0,0,2
952,2020-03-03,WestVlaanderen,4,6,0,0,0,0,6
953,2020-03-04,WestVlaanderen,1,7,0,0,0,0,7
954,2020-03-05,WestVlaanderen,14,21,0,0,0,0,21
955,2020-03-06,WestVlaanderen,17,38,0,0,0,0,38
956,2020-03-07,WestVlaanderen,4,42,0,0,0,0,42
957,2020-03-08,WestVlaanderen,11,53,0,0,0,0,53
958,2020-03-09,WestVlaanderen,3,56,0,0,0,0,56
959,2020-03-10,WestVlaanderen,3,59,0,0,0,0,59
960,2020-03-11,WestVlaanderen,12,71,0,0,0,0,71
961,2020-03-12,WestVlaanderen,21,92,0,0,0,0,92
962,2020-03-13,WestVlaanderen,24,116,0,0,0,0,116
963,2020-03-14,WestVlaanderen,19,135,0,0,0,0,135
964,2020-03-15,WestVlaanderen,16,151,0,0,0,0,151
965,2020-03-16,WestVlaanderen,40,191,2,2,0,0,189
966,2020-03-17,WestVlaanderen,56,247,4,6,0,0,241
967,2020-03-18,WestVlaanderen,58,305,1,7,0,0,298
968,2020-03-19,WestVlaanderen,73,378,14,21,0,0,357
969,2020-03-20,WestVlaanderen,64,442,17,38,0,0,404
970,2020-03-21,WestVlaanderen,37,479,4,42,0,0,437
971,2020-03-22,WestVlaanderen,46,525,11,53,0,0,472
972,2020-03-23,WestVlaanderen,191,716,3,56,0,0,660
973,2020-03-24,WestVlaanderen,119,835,3,59,0,0,776
974,2020-03-25,WestVlaanderen,148,983,12,71,0,0,912
975,2020-03-26,WestVlaanderen,156,1139,21,92,0,0,1047
976,2020-03-27,WestVlaanderen,185,1324,24,116,0,0,1208
977,2020-03-28,WestVlaanderen,77,1401,19,135,0,0,1266
978,2020-03-29,WestVlaanderen,62,1463,16,151,0,0,1312
979,2020-03-30,WestVlaanderen,204,1667,40,191,0,0,1476
980,2020-03-31,WestVlaanderen,166,1833,56,247,0,0,1586
981,2020-04-01,WestVlaanderen,166,1999,58,305,0,0,1694
982,2020-04-02,WestVlaanderen,173,2172,73,378,0,0,1794
983,2020-04-03,WestVlaanderen,144,2316,64,442,0,0,1874
984,2020-04-04,WestVlaanderen,86,2402,37,479,0,0,1923
985,2020-04-05,WestVlaanderen,40,2442,46,525,0,0,1917
986,2020-04-06,WestVlaanderen,223,2665,191,716,0,0,1949
987,2020-04-07,WestVlaanderen,153,2818,119,835,0,0,1983
988,2020-04-08,WestVlaanderen,172,2990,148,983,0,0,2007
989,2020-04-09,WestVlaanderen,286,3276,156,1139,0,0,2137
990,2020-04-10,WestVlaanderen,343,3619,185,1324,0,0,2295
991,2020-04-11,WestVlaanderen,197,3816,77,1401,0,0,2415
992,2020-04-12,WestVlaanderen,51,3867,62,1463,0,0,2404
993,2020-04-13,WestVlaanderen,53,3920,204,1667,0,0,2253
994,2020-04-14,WestVlaanderen,140,4060,166,1833,0,0,2227
995,2020-04-15,WestVlaanderen,113,4173,166,1999,0,0,2174
996,2020-04-16,WestVlaanderen,183,4356,173,2172,0,0,2184
997,2020-04-17,WestVlaanderen,151,4507,144,2316,0,0,2191
998,2020-04-18,WestVlaanderen,56,4563,86,2402,0,0,2161
999,2020-04-19,WestVlaanderen,33,4596,40,2442,0,0,2154
1000,2020-04-20,WestVlaanderen,132,4728,223,2665,0,0,2063
1001,2020-04-21,WestVlaanderen,150,4878,153,2818,0,0,2060
1002,2020-04-22,WestVlaanderen,79,4957,172,2990,0,0,1967
1003,2020-04-23,WestVlaanderen,101,5058,286,3276,0,0,1782
1004,2020-04-24,WestVlaanderen,55,5113,343,3619,0,0,1494
1005,2020-04-25,WestVlaanderen,18,5131,197,3816,0,0,1315
1006,2020-04-26,WestVlaanderen,18,5149,51,3867,0,0,1282
1007,2020-04-27,WestVlaanderen,71,5220,53,3920,0,0,1300
1008,2020-04-28,WestVlaanderen,55,5275,140,4060,0,0,1215
1009,2020-04-29,WestVlaanderen,55,5330,113,4173,0,0,1157
1010,2020-04-30,WestVlaanderen,55,5385,183,4356,0,0,1029
1011,2020-05-01,WestVlaanderen,25,5410,151,4507,0,0,903
1012,2020-05-02,WestVlaanderen,31,5441,56,4563,0,0,878
1013,2020-05-03,WestVlaanderen,15,5456,33,4596,0,0,860
1014,2020-05-04,WestVlaanderen,134,5590,132,4728,0,0,862
1015,2020-05-05,WestVlaanderen,71,5661,150,4878,0,0,783
1016,2020-05-06,WestVlaanderen,49,5710,79,4957,0,0,753
1017,2020-05-07,WestVlaanderen,69,5779,101,5058,0,0,721
1018,2020-05-08,WestVlaanderen,63,5842,55,5113,0,0,729
1019,2020-05-09,WestVlaanderen,27,5869,18,5131,0,0,738
1020,2020-05-10,WestVlaanderen,10,5879,18,5149,0,0,730
1021,2020-05-11,WestVlaanderen,97,5976,71,5220,0,0,756
1022,2020-05-12,WestVlaanderen,66,6042,55,5275,0,0,767
1023,2020-05-13,WestVlaanderen,56,6098,55,5330,0,0,768
1024,2020-05-14,WestVlaanderen,53,6151,55,5385,0,0,766
1025,2020-05-15,WestVlaanderen,65,6216,25,5410,0,0,806
1026,2020-05-16,WestVlaanderen,28,6244,31,5441,0,0,803
1027,2020-05-17,WestVlaanderen,18,6262,15,5456,0,0,806
1028,2020-05-18,WestVlaanderen,32,6294,134,5590,0,0,704
1029,2020-05-19,WestVlaanderen,44,6338,71,5661,0,0,677
1030,2020-05-20,WestVlaanderen,43,6381,49,5710,0,0,671
1031,2020-05-21,WestVlaanderen,13,6394,69,5779,0,0,615
1032,2020-05-22,WestVlaanderen,44,6438,63,5842,0,0,596
1033,2020-05-23,WestVlaanderen,18,6456,27,5869,0,0,587
1034,2020-05-24,WestVlaanderen,2,6458,10,5879,0,0,579
1035,2020-05-25,WestVlaanderen,36,6494,97,5976,0,0,518
1036,2020-05-26,WestVlaanderen,29,6523,66,6042,0,0,481
1037,2020-05-27,WestVlaanderen,20,6543,56,6098,0,0,445
1038,2020-05-28,WestVlaanderen,27,6570,53,6151,0,0,419
1039,2020-05-29,WestVlaanderen,25,6595,65,6216,0,0,379
1040,2020-05-30,WestVlaanderen,2,6597,28,6244,0,0,353
1041,2020-05-31,WestVlaanderen,4,6601,18,6262,0,0,339
1042,2020-06-01,WestVlaanderen,5,6606,32,6294,0,0,312
1043,2020-06-02,WestVlaanderen,14,6620,44,6338,0,0,282
1044,2020-06-03,WestVlaanderen,16,6636,43,6381,0,0,255
1045,2020-06-04,WestVlaanderen,24,6660,13,6394,0,0,266
1046,2020-06-05,WestVlaanderen,8,6668,44,6438,0,0,230
1047,2020-06-06,WestVlaanderen,6,6674,18,6456,0,0,218
1048,2020-06-07,WestVlaanderen,2,6676,2,6458,0,0,218
1049,2020-06-08,WestVlaanderen,17,6693,36,6494,0,0,199
1050,2020-06-09,WestVlaanderen,16,6709,29,6523,0,0,186
1051,2020-06-10,WestVlaanderen,8,6717,20,6543,0,0,174
1052,2020-06-11,WestVlaanderen,8,6725,27,6570,0,0,155
1053,2020-06-12,WestVlaanderen,5,6730,25,6595,0,0,135
1054,2020-06-13,WestVlaanderen,5,6735,2,6597,0,0,138
1055,2020-06-14,WestVlaanderen,4,6739,4,6601,0,0,138
1056,2020-06-15,WestVlaanderen,23,6762,5,6606,0,0,156
1057,2020-06-16,WestVlaanderen,18,6780,14,6620,0,0,160
1058,2020-06-17,WestVlaanderen,29,6809,16,6636,0,0,173
1059,2020-06-18,WestVlaanderen,20,6829,24,6660,0,0,169
1060,2020-06-19,WestVlaanderen,25,6854,8,6668,0,0,186
1061,2020-06-20,WestVlaanderen,6,6860,6,6674,0,0,186
1062,2020-06-21,WestVlaanderen,4,6864,2,6676,0,0,188
1063,2020-06-22,WestVlaanderen,20,6884,17,6693,0,0,191
1064,2020-06-23,WestVlaanderen,16,6900,16,6709,0,0,191
1065,2020-06-24,WestVlaanderen,17,6917,8,6717,0,0,200
1066,2020-06-25,WestVlaanderen,3,6920,8,6725,0,0,195
1067,2020-06-26,WestVlaanderen,19,6939,5,6730,0,0,209
1068,2020-06-27,WestVlaanderen,7,6946,5,6735,0,0,211
1069,2020-06-28,WestVlaanderen,6,6952,4,6739,0,0,213
1070,2020-06-29,WestVlaanderen,23,6975,23,6762,0,0,213
1071,2020-06-30,WestVlaanderen,12,6987,18,6780,0,0,207
1072,2020-07-01,WestVlaanderen,20,7007,29,6809,0,0,198
1073,2020-07-02,WestVlaanderen,9,7016,20,6829,0,0,187
1074,2020-07-03,WestVlaanderen,14,7030,25,6854,0,0,176
1075,2020-07-04,WestVlaanderen,6,7036,6,6860,0,0,176
1076,2020-07-05,WestVlaanderen,13,7049,4,6864,0,0,185
1077,2020-07-06,WestVlaanderen,13,7062,20,6884,0,0,178
1078,2020-07-07,WestVlaanderen,12,7074,16,6900,0,0,174
1079,2020-07-08,WestVlaanderen,25,7099,17,6917,0,0,182
1080,2020-07-09,WestVlaanderen,20,7119,3,6920,0,0,199
1081,2020-07-10,WestVlaanderen,13,7132,19,6939,0,0,193
1082,2020-07-11,WestVlaanderen,11,7143,7,6946,0,0,197
1083,2020-07-12,WestVlaanderen,13,7156,6,6952,0,0,204
1084,2020-07-13,WestVlaanderen,36,7192,23,6975,0,0,217
1085,2020-07-14,WestVlaanderen,20,7212,12,6987,0,0,225
1086,2020-07-15,WestVlaanderen,35,7247,20,7007,0,0,240
1087,2020-07-16,WestVlaanderen,21,7268,9,7016,0,0,252
1088,2020-07-17,WestVlaanderen,40,7308,14,7030,0,0,278
1089,2020-07-18,WestVlaanderen,14,7322,6,7036,0,0,286
1090,2020-07-19,WestVlaanderen,3,7325,13,7049,0,0,276
1091,2020-07-20,WestVlaanderen,47,7372,13,7062,0,0,310
1092,2020-07-21,WestVlaanderen,25,7397,12,7074,0,0,323
1093,2020-07-22,WestVlaanderen,34,7431,25,7099,0,0,332
1094,2020-07-23,WestVlaanderen,26,7457,20,7119,0,0,338
1095,2020-07-24,WestVlaanderen,19,7476,13,7132,0,0,344
1096,2020-07-25,WestVlaanderen,24,7500,11,7143,0,0,357
1097,2020-07-26,WestVlaanderen,19,7519,13,7156,0,0,363
1098,2020-07-27,WestVlaanderen,33,7552,36,7192,0,0,360
1099,2020-07-28,WestVlaanderen,19,7571,20,7212,0,0,359
1100,2020-07-29,WestVlaanderen,24,7595,35,7247,0,0,348
1101,2020-07-30,WestVlaanderen,27,7622,21,7268,0,0,354
1102,2020-07-31,WestVlaanderen,32,7654,40,7308,0,0,346
1103,2020-08-01,WestVlaanderen,13,7667,14,7322,0,0,345
1104,2020-08-02,WestVlaanderen,5,7672,3,7325,0,0,347
1105,2020-08-03,WestVlaanderen,41,7713,47,7372,0,0,341
1106,2020-08-04,WestVlaanderen,33,7746,25,7397,0,0,349
1107,2020-08-05,WestVlaanderen,56,7802,34,7431,0,0,371
1108,2020-08-06,WestVlaanderen,52,7854,26,7457,0,0,397
1109,2020-08-07,WestVlaanderen,52,7906,19,7476,0,0,430
1110,2020-08-08,WestVlaanderen,8,7914,24,7500,0,0,414
1111,2020-08-09,WestVlaanderen,9,7923,19,7519,0,0,404
1112,2020-08-10,WestVlaanderen,32,7955,33,7552,0,0,403
1113,2020-08-11,WestVlaanderen,23,7978,19,7571,0,0,407
1114,2020-08-12,WestVlaanderen,32,8010,24,7595,0,0,415
1115,2020-08-13,WestVlaanderen,36,8046,27,7622,0,0,424
1116,2020-08-14,WestVlaanderen,24,8070,32,7654,0,0,416
1117,2020-08-15,WestVlaanderen,2,8072,13,7667,0,0,405
1118,2020-08-16,WestVlaanderen,13,8085,5,7672,0,0,413
1119,2020-08-17,WestVlaanderen,33,8118,41,7713,0,0,405
1120,2020-08-18,WestVlaanderen,18,8136,33,7746,0,0,390
1121,2020-08-19,WestVlaanderen,15,8151,56,7802,0,0,349
1122,2020-08-20,WestVlaanderen,26,8177,52,7854,0,0,323
1123,2020-08-21,WestVlaanderen,20,8197,52,7906,0,0,291
1124,2020-08-22,WestVlaanderen,13,8210,8,7914,0,0,296
1125,2020-08-23,WestVlaanderen,1,8211,9,7923,0,0,288
1126,2020-08-24,WestVlaanderen,19,8230,32,7955,0,0,275
1127,2020-08-25,WestVlaanderen,26,8256,23,7978,0,0,278
1128,2020-08-26,WestVlaanderen,21,8277,32,8010,0,0,267
1129,2020-08-27,WestVlaanderen,19,8296,36,8046,0,0,250
1130,2020-08-28,WestVlaanderen,36,8332,24,8070,0,0,262
1131,2020-08-29,WestVlaanderen,9,8341,2,8072,0,0,269
1132,2020-08-30,WestVlaanderen,1,8342,13,8085,0,0,257
1133,2020-08-31,WestVlaanderen,32,8374,33,8118,0,0,256
1134,2020-09-01,WestVlaanderen,22,8396,18,8136,0,0,260
1135,2020-09-02,WestVlaanderen,27,8423,15,8151,0,0,272
1136,2020-09-03,WestVlaanderen,26,8449,26,8177,0,0,272
1137,2020-09-04,WestVlaanderen,38,8487,20,8197,0,0,290
1138,2020-09-05,WestVlaanderen,27,8514,13,8210,0,0,304
1139,2020-09-06,WestVlaanderen,5,8519,1,8211,0,0,308
1140,2020-09-07,WestVlaanderen,84,8603,19,8230,0,0,373
1141,2020-09-08,WestVlaanderen,51,8654,26,8256,0,0,398
1142,2020-09-09,WestVlaanderen,51,8705,21,8277,0,0,428
1143,2020-09-10,WestVlaanderen,72,8777,19,8296,0,0,481
1144,2020-09-11,WestVlaanderen,72,8849,36,8332,0,0,517
1145,2020-09-12,WestVlaanderen,46,8895,9,8341,0,0,554
1146,2020-09-13,WestVlaanderen,28,8923,1,8342,0,0,581
1147,2020-09-14,WestVlaanderen,103,9026,32,8374,0,0,652
1148,2020-09-15,WestVlaanderen,66,9092,22,8396,0,0,696
1149,2020-09-16,WestVlaanderen,77,9169,27,8423,0,0,746
1150,2020-09-17,WestVlaanderen,68,9237,26,8449,0,0,788
1151,2020-09-18,WestVlaanderen,100,9337,38,8487,0,0,850
1152,2020-09-19,WestVlaanderen,42,9379,27,8514,0,0,865
1153,2020-09-20,WestVlaanderen,26,9405,5,8519,0,0,886
1154,2020-09-21,WestVlaanderen,109,9514,84,8603,0,0,911
1155,2020-09-22,WestVlaanderen,78,9592,51,8654,0,0,938
1156,2020-09-23,WestVlaanderen,89,9681,51,8705,0,0,976
1157,2020-09-24,WestVlaanderen,110,9791,72,8777,0,0,1014
1158,2020-09-25,WestVlaanderen,87,9878,72,8849,0,0,1029
1159,2020-09-26,WestVlaanderen,45,9923,46,8895,0,0,1028
1160,2020-09-27,WestVlaanderen,17,9940,28,8923,0,0,1017
1161,2020-09-28,WestVlaanderen,149,10089,103,9026,0,0,1063
1162,2020-09-29,WestVlaanderen,110,10199,66,9092,0,0,1107
1163,2020-09-30,WestVlaanderen,191,10390,77,9169,0,0,1221
1164,2020-10-01,WestVlaanderen,145,10535,68,9237,0,0,1298
1165,2020-10-02,WestVlaanderen,157,10692,100,9337,0,0,1355
1166,2020-10-03,WestVlaanderen,71,10763,42,9379,0,0,1384
1167,2020-10-04,WestVlaanderen,51,10814,26,9405,0,0,1409
1168,2020-10-05,WestVlaanderen,295,11109,109,9514,0,0,1595
1169,2020-10-06,WestVlaanderen,241,11350,78,9592,0,0,1758
1170,2020-10-07,WestVlaanderen,313,11663,89,9681,0,0,1982
1171,2020-10-08,WestVlaanderen,279,11942,110,9791,0,0,2151
1172,2020-10-09,WestVlaanderen,386,12328,87,9878,0,0,2450
1173,2020-10-10,WestVlaanderen,215,12543,45,9923,0,0,2620
1174,2020-10-11,WestVlaanderen,133,12676,17,9940,0,0,2736
1175,2020-10-12,WestVlaanderen,667,13343,149,10089,0,0,3254
1176,2020-10-13,WestVlaanderen,608,13951,110,10199,0,0,3752
1177,2020-10-14,WestVlaanderen,667,14618,191,10390,0,0,4228
1178,2020-10-15,WestVlaanderen,761,15379,145,10535,0,0,4844
1179,2020-10-16,WestVlaanderen,805,16184,157,10692,0,0,5492
1180,2020-10-17,WestVlaanderen,387,16571,71,10763,0,0,5808
1181,2020-10-18,WestVlaanderen,265,16836,51,10814,0,0,6022
1182,2020-10-19,WestVlaanderen,1258,18094,295,11109,0,0,6985
1183,2020-10-20,WestVlaanderen,1021,19115,241,11350,0,0,7765
1184,2020-10-21,WestVlaanderen,1263,20378,313,11663,0,0,8715
1185,2020-10-22,WestVlaanderen,1254,21632,279,11942,0,0,9690
1186,2020-10-23,WestVlaanderen,1409,23041,386,12328,0,0,10713
1187,2020-10-24,WestVlaanderen,734,23775,215,12543,0,0,11232
1188,2020-10-25,WestVlaanderen,416,24191,133,12676,0,0,11515
1189,2020-10-26,WestVlaanderen,1995,26186,667,13343,0,0,12843
1190,2020-10-27,WestVlaanderen,1523,27709,608,13951,0,0,13758
1191,2020-10-28,WestVlaanderen,1317,29026,667,14618,0,0,14408
1192,2020-10-29,WestVlaanderen,1214,30240,761,15379,0,0,14861
1193,2020-10-30,WestVlaanderen,1127,31367,805,16184,0,0,15183
1194,2020-10-31,WestVlaanderen,618,31985,387,16571,0,0,15414
1195,2020-11-01,WestVlaanderen,274,32259,265,16836,0,0,15423
1196,2020-11-02,WestVlaanderen,1419,33678,1258,18094,0,0,15584
1197,2020-11-03,WestVlaanderen,967,34645,1021,19115,0,0,15530
1198,2020-11-04,WestVlaanderen,745,35390,1263,20378,0,0,15012
1199,2020-11-05,WestVlaanderen,722,36112,1254,21632,0,0,14480
1200,2020-11-06,WestVlaanderen,546,36658,1409,23041,0,0,13617
1201,2020-11-07,WestVlaanderen,260,36918,734,23775,0,0,13143
1202,2020-11-08,WestVlaanderen,188,37106,416,24191,0,0,12915
1203,2020-11-09,WestVlaanderen,884,37990,1995,26186,0,0,11804
1204,2020-11-10,WestVlaanderen,663,38653,1523,27709,0,0,10944
1205,2020-11-11,WestVlaanderen,183,38836,1317,29026,0,0,9810
1206,2020-11-12,WestVlaanderen,638,39474,1214,30240,0,0,9234
1207,2020-11-13,WestVlaanderen,497,39971,1127,31367,0,0,8604
1208,2020-11-14,WestVlaanderen,242,40213,618,31985,0,0,8228
1209,2020-11-15,WestVlaanderen,133,40346,274,32259,0,0,8087
1210,2020-11-16,WestVlaanderen,607,40953,1419,33678,0,0,7275
1211,2020-11-17,WestVlaanderen,410,41363,967,34645,0,0,6718
1212,2020-11-18,WestVlaanderen,351,41714,745,35390,0,0,6324
1213,2020-11-19,WestVlaanderen,321,42035,722,36112,0,0,5923
1214,2020-11-20,WestVlaanderen,315,42350,546,36658,0,0,5692
1215,2020-11-21,WestVlaanderen,149,42499,260,36918,0,0,5581
1216,2020-11-22,WestVlaanderen,59,42558,188,37106,0,0,5452
1217,2020-11-23,WestVlaanderen,445,43003,884,37990,0,0,5013
1218,2020-11-24,WestVlaanderen,291,43294,663,38653,0,0,4641
1219,2020-11-25,WestVlaanderen,318,43612,183,38836,0,0,4776
1220,2020-11-26,WestVlaanderen,250,43862,638,39474,0,0,4388
1221,2020-11-27,WestVlaanderen,315,44177,497,39971,0,0,4206
1222,2020-11-28,WestVlaanderen,152,44329,242,40213,0,0,4116
1223,2020-11-29,WestVlaanderen,104,44433,133,40346,0,0,4087
1224,2020-11-30,WestVlaanderen,392,44825,607,40953,0,0,3872
1225,2020-12-01,WestVlaanderen,367,45192,410,41363,0,0,3829
1226,2020-12-02,WestVlaanderen,315,45507,351,41714,0,0,3793
1227,2020-12-03,WestVlaanderen,319,45826,321,42035,0,0,3791
1228,2020-12-04,WestVlaanderen,364,46190,315,42350,0,0,3840
1229,2020-12-05,WestVlaanderen,158,46348,149,42499,0,0,3849
1230,2020-12-06,WestVlaanderen,97,46445,59,42558,0,0,3887
1231,2020-12-07,WestVlaanderen,530,46975,445,43003,0,0,3972
1232,2020-12-08,WestVlaanderen,305,47280,291,43294,0,0,3986
1233,2020-12-09,WestVlaanderen,356,47636,318,43612,0,0,4024
1234,2020-12-10,WestVlaanderen,387,48023,250,43862,0,0,4161
1235,2020-12-11,WestVlaanderen,407,48430,315,44177,0,0,4253
1236,2020-12-12,WestVlaanderen,283,48713,152,44329,0,0,4384
1237,2020-12-13,WestVlaanderen,112,48825,104,44433,0,0,4392
1238,2020-12-14,WestVlaanderen,591,49416,392,44825,0,0,4591
1239,2020-12-15,WestVlaanderen,480,49896,367,45192,0,0,4704
1240,2020-12-16,WestVlaanderen,399,50295,315,45507,0,0,4788
1241,2020-12-17,WestVlaanderen,392,50687,319,45826,0,0,4861
1242,2020-12-18,WestVlaanderen,375,51062,364,46190,0,0,4872
1243,2020-12-19,WestVlaanderen,218,51280,158,46348,0,0,4932
1244,2020-12-20,WestVlaanderen,124,51404,97,46445,0,0,4959
1245,2020-12-21,WestVlaanderen,476,51880,530,46975,0,0,4905
1246,2020-12-22,WestVlaanderen,356,52236,305,47280,0,0,4956
1247,2020-12-23,WestVlaanderen,319,52555,356,47636,0,0,4919
1248,2020-12-24,WestVlaanderen,208,52763,387,48023,0,0,4740
1249,2020-12-25,WestVlaanderen,80,52843,407,48430,0,0,4413
1250,2020-12-26,WestVlaanderen,215,53058,283,48713,0,0,4345
1251,2020-12-27,WestVlaanderen,77,53135,112,48825,0,0,4310
1252,2020-12-28,WestVlaanderen,376,53511,591,49416,0,0,4095
1253,2020-12-29,WestVlaanderen,309,53820,480,49896,0,0,3924
1254,2020-12-30,WestVlaanderen,272,54092,399,50295,0,0,3797
1255,2020-12-31,WestVlaanderen,224,54316,392,50687,0,0,3629
1256,2021-01-01,WestVlaanderen,67,54383,375,51062,0,0,3321
1257,2021-01-02,WestVlaanderen,152,54535,218,51280,0,0,3255
1258,2021-01-03,WestVlaanderen,111,54646,124,51404,0,0,3242
1259,2021-01-04,WestVlaanderen,440,55086,476,51880,0,0,3206
1260,2021-01-05,WestVlaanderen,308,55394,356,52236,0,0,3158
1261,2021-01-06,WestVlaanderen,313,55707,319,52555,0,0,3152
1262,2021-01-07,WestVlaanderen,243,55950,208,52763,0,0,3187
1263,2021-01-08,WestVlaanderen,231,56181,80,52843,0,0,3338
1264,2021-01-09,WestVlaanderen,178,56359,215,53058,0,0,3301
1265,2021-01-10,WestVlaanderen,113,56472,77,53135,0,0,3337
1266,2021-01-11,WestVlaanderen,361,56833,376,53511,0,0,3322
1267,2021-01-12,WestVlaanderen,364,57197,309,53820,0,0,3377
1268,2021-01-13,WestVlaanderen,296,57493,272,54092,0,0,3401
1269,2021-01-14,WestVlaanderen,270,57763,224,54316,0,0,3447
1270,2021-01-15,WestVlaanderen,266,58029,67,54383,0,0,3646
1271,2021-01-16,WestVlaanderen,165,58194,152,54535,0,0,3659
1272,2021-01-17,WestVlaanderen,70,58264,111,54646,0,0,3618
1273,2021-01-18,WestVlaanderen,471,58735,440,55086,0,0,3649
1274,2021-01-19,WestVlaanderen,321,59056,308,55394,0,0,3662
1275,2021-01-20,WestVlaanderen,353,59409,313,55707,0,0,3702
1276,2021-01-21,WestVlaanderen,326,59735,243,55950,0,0,3785
1277,2021-01-22,WestVlaanderen,312,60047,231,56181,0,0,3866
1278,2021-01-23,WestVlaanderen,178,60225,178,56359,0,0,3866
1279,2021-01-24,WestVlaanderen,115,60340,113,56472,0,0,3868
1280,2021-01-25,WestVlaanderen,474,60814,361,56833,0,0,3981
1281,2021-01-26,WestVlaanderen,333,61147,364,57197,0,0,3950
1282,2021-01-27,WestVlaanderen,361,61508,296,57493,0,0,4015
1283,2021-01-28,WestVlaanderen,327,61835,270,57763,0,0,4072
1284,2021-01-29,WestVlaanderen,332,62167,266,58029,0,0,4138
1285,2021-01-30,WestVlaanderen,189,62356,165,58194,0,0,4162
1286,2021-01-31,WestVlaanderen,117,62473,70,58264,0,0,4209
1287,2021-02-01,WestVlaanderen,414,62887,471,58735,0,0,4152
1288,2021-02-02,WestVlaanderen,301,63188,321,59056,0,0,4132
1289,2021-02-03,WestVlaanderen,314,63502,353,59409,0,0,4093
1290,2021-02-04,WestVlaanderen,292,63794,326,59735,0,0,4059
1291,2021-02-05,WestVlaanderen,275,64069,312,60047,0,0,4022
1292,2021-02-06,WestVlaanderen,168,64237,178,60225,0,0,4012
1293,2021-02-07,WestVlaanderen,76,64313,115,60340,0,0,3973
1294,2021-02-08,WestVlaanderen,335,64648,474,60814,0,0,3834
1295,2021-02-09,WestVlaanderen,235,64883,333,61147,0,0,3736
1296,2021-02-10,WestVlaanderen,226,65109,361,61508,0,0,3601
1297,2021-02-11,WestVlaanderen,274,65383,327,61835,0,0,3548
1298,2021-02-12,WestVlaanderen,257,65640,332,62167,0,0,3473
1299,2021-02-13,WestVlaanderen,130,65770,189,62356,0,0,3414
1300,2021-02-14,WestVlaanderen,73,65843,117,62473,0,0,3370
1301,2021-02-15,WestVlaanderen,297,66140,414,62887,0,0,3253
1302,2021-02-16,WestVlaanderen,302,66442,301,63188,0,0,3254
1303,2021-02-17,WestVlaanderen,308,66750,314,63502,0,0,3248
1304,2021-02-18,WestVlaanderen,294,67044,292,63794,0,0,3250
1305,2021-02-19,WestVlaanderen,261,67305,275,64069,0,0,3236
1306,2021-02-20,WestVlaanderen,167,67472,168,64237,0,0,3235
1307,2021-02-21,WestVlaanderen,89,67561,76,64313,0,0,3248
1308,2021-02-22,WestVlaanderen,356,67917,335,64648,0,0,3269
1309,2021-02-23,WestVlaanderen,313,68230,235,64883,0,0,3347
1310,2021-02-24,WestVlaanderen,270,68500,226,65109,0,0,3391
1311,2021-02-25,WestVlaanderen,268,68768,274,65383,0,0,3385
1312,2021-02-26,WestVlaanderen,241,69009,257,65640,0,0,3369
1313,2021-02-27,WestVlaanderen,136,69145,130,65770,0,0,3375
1314,2021-02-28,WestVlaanderen,86,69231,73,65843,0,0,3388
1315,2021-03-01,WestVlaanderen,313,69544,297,66140,0,0,3404
1316,2021-03-02,WestVlaanderen,308,69852,302,66442,0,0,3410
1317,2021-03-03,WestVlaanderen,287,70139,308,66750,0,0,3389
1318,2021-03-04,WestVlaanderen,289,70428,294,67044,0,0,3384
1319,2021-03-05,WestVlaanderen,267,70695,261,67305,0,0,3390
1320,2021-03-06,WestVlaanderen,172,70867,167,67472,0,0,3395
1321,2021-03-07,WestVlaanderen,74,70941,89,67561,0,0,3380
1322,2021-03-08,WestVlaanderen,393,71334,356,67917,0,0,3417
1323,2021-03-09,WestVlaanderen,332,71666,313,68230,0,0,3436
1324,2021-03-10,WestVlaanderen,319,71985,270,68500,0,0,3485
1325,2021-03-11,WestVlaanderen,317,72302,268,68768,0,0,3534
1326,2021-03-12,WestVlaanderen,362,72664,241,69009,0,0,3655
1327,2021-03-13,WestVlaanderen,215,72879,136,69145,0,0,3734
1328,2021-03-14,WestVlaanderen,124,73003,86,69231,0,0,3772
1329,2021-03-15,WestVlaanderen,494,73497,313,69544,0,0,3953
1330,2021-03-16,WestVlaanderen,439,73936,308,69852,0,0,4084
1331,2021-03-17,WestVlaanderen,514,74450,287,70139,0,0,4311
1332,2021-03-18,WestVlaanderen,518,74968,289,70428,0,0,4540
1333,2021-03-19,WestVlaanderen,494,75462,267,70695,0,0,4767
1334,2021-03-20,WestVlaanderen,285,75747,172,70867,0,0,4880
1335,2021-03-21,WestVlaanderen,135,75882,74,70941,0,0,4941
1336,2021-03-22,WestVlaanderen,669,76551,393,71334,0,0,5217
1337,2021-03-23,WestVlaanderen,609,77160,332,71666,0,0,5494
1338,2021-03-24,WestVlaanderen,591,77751,319,71985,0,0,5766
1339,2021-03-25,WestVlaanderen,476,78227,317,72302,0,0,5925
1340,2021-03-26,WestVlaanderen,496,78723,362,72664,0,0,6059
1341,2021-03-27,WestVlaanderen,289,79012,215,72879,0,0,6133
1342,2021-03-28,WestVlaanderen,119,79131,124,73003,0,0,6128
1343,2021-03-29,WestVlaanderen,582,79713,494,73497,0,0,6216
1344,2021-03-30,WestVlaanderen,433,80146,439,73936,0,0,6210
1345,2021-03-31,WestVlaanderen,433,80579,514,74450,0,0,6129
1346,2021-04-01,WestVlaanderen,345,80924,518,74968,0,0,5956
1347,2021-04-02,WestVlaanderen,355,81279,494,75462,0,0,5817
1348,2021-04-03,WestVlaanderen,202,81481,285,75747,0,0,5734
1349,2021-04-04,WestVlaanderen,134,81615,135,75882,0,0,5733
1350,2021-04-05,WestVlaanderen,154,81769,669,76551,0,0,5218
1351,2021-04-06,WestVlaanderen,494,82263,609,77160,0,0,5103
1352,2021-04-07,WestVlaanderen,515,82778,591,77751,0,0,5027
1353,2021-04-08,WestVlaanderen,379,83157,476,78227,0,0,4930
1354,2021-04-09,WestVlaanderen,324,83481,496,78723,0,0,4758
1355,2021-04-10,WestVlaanderen,194,83675,289,79012,0,0,4663
1356,2021-04-11,WestVlaanderen,108,83783,119,79131,0,0,4652
1357,2021-04-12,WestVlaanderen,425,84208,582,79713,0,0,4495
1358,2021-04-13,WestVlaanderen,410,84618,433,80146,0,0,4472
1359,2021-04-14,WestVlaanderen,378,84996,433,80579,0,0,4417
1360,2021-04-15,WestVlaanderen,327,85323,345,80924,0,0,4399
1361,2021-04-16,WestVlaanderen,303,85626,355,81279,0,0,4347
1362,2021-04-17,WestVlaanderen,137,85763,202,81481,0,0,4282
1363,2021-04-18,WestVlaanderen,65,85828,134,81615,0,0,4213
1364,2021-04-19,WestVlaanderen,441,86269,154,81769,0,0,4500
1365,2021-04-20,WestVlaanderen,421,86690,494,82263,0,0,4427
1366,2021-04-21,WestVlaanderen,351,87041,515,82778,0,0,4263
1367,2021-04-22,WestVlaanderen,305,87346,379,83157,0,0,4189
1368,2021-04-23,WestVlaanderen,325,87671,324,83481,0,0,4190
1369,2021-04-24,WestVlaanderen,214,87885,194,83675,0,0,4210
1370,2021-04-25,WestVlaanderen,92,87977,108,83783,0,0,4194
1371,2021-04-26,WestVlaanderen,428,88405,425,84208,0,0,4197
1372,2021-04-27,WestVlaanderen,363,88768,410,84618,0,0,4150
1373,2021-04-28,WestVlaanderen,287,89055,378,84996,0,0,4059
1374,2021-04-29,WestVlaanderen,290,89345,327,85323,0,0,4022
1375,2021-04-30,WestVlaanderen,331,89676,303,85626,0,0,4050
1376,2021-05-01,WestVlaanderen,120,89796,137,85763,0,0,4033
1377,2021-05-02,WestVlaanderen,127,89923,65,85828,0,0,4095
1378,2021-05-03,WestVlaanderen,427,90350,441,86269,0,0,4081
1379,2021-05-04,WestVlaanderen,323,90673,421,86690,0,0,3983
1380,2021-05-05,WestVlaanderen,353,91026,351,87041,0,0,3985
1381,2021-05-06,WestVlaanderen,325,91351,305,87346,0,0,4005
1382,2021-05-07,WestVlaanderen,298,91649,325,87671,0,0,3978
1383,2021-05-08,WestVlaanderen,178,91827,214,87885,0,0,3942
1384,2021-05-09,WestVlaanderen,75,91902,92,87977,0,0,3925
1385,2021-05-10,WestVlaanderen,390,92292,428,88405,0,0,3887
1386,2021-05-11,WestVlaanderen,253,92545,363,88768,0,0,3777
1387,2021-05-12,WestVlaanderen,221,92766,287,89055,0,0,3711
1388,2021-05-13,WestVlaanderen,87,92853,290,89345,0,0,3508
1389,2021-05-14,WestVlaanderen,217,93070,331,89676,0,0,3394
1390,2021-05-15,WestVlaanderen,125,93195,120,89796,0,0,3399
1391,2021-05-16,WestVlaanderen,60,93255,127,89923,0,0,3332
1392,2021-05-17,WestVlaanderen,363,93618,427,90350,0,0,3268
1393,2021-05-18,WestVlaanderen,297,93915,323,90673,0,0,3242
1394,2021-05-19,WestVlaanderen,296,94211,353,91026,0,0,3185
1395,2021-05-20,WestVlaanderen,256,94467,325,91351,0,0,3116
1396,2021-05-21,WestVlaanderen,216,94683,298,91649,0,0,3034
1397,2021-05-22,WestVlaanderen,122,94805,178,91827,0,0,2978
1398,2021-05-23,WestVlaanderen,70,94875,75,91902,0,0,2973
1399,2021-05-24,WestVlaanderen,98,94973,390,92292,0,0,2681
1400,2021-05-25,WestVlaanderen,272,95245,253,92545,0,0,2700
1401,2021-05-26,WestVlaanderen,191,95436,221,92766,0,0,2670
1402,2021-05-27,WestVlaanderen,175,95611,87,92853,0,0,2758
1403,2021-05-28,WestVlaanderen,176,95787,217,93070,0,0,2717
1404,2021-05-29,WestVlaanderen,108,95895,125,93195,0,0,2700
1405,2021-05-30,WestVlaanderen,55,95950,60,93255,0,0,2695
1406,2021-05-31,WestVlaanderen,182,96132,363,93618,0,0,2514
1407,2021-06-01,WestVlaanderen,175,96307,297,93915,0,0,2392
1408,2021-06-02,WestVlaanderen,123,96430,296,94211,0,0,2219
1409,2021-06-03,WestVlaanderen,126,96556,256,94467,0,0,2089
1410,2021-06-04,WestVlaanderen,110,96666,216,94683,0,0,1983
1411,2021-06-05,WestVlaanderen,59,96725,122,94805,0,0,1920
1412,2021-06-06,WestVlaanderen,38,96763,70,94875,0,0,1888
1413,2021-06-07,WestVlaanderen,99,96862,98,94973,0,0,1889
1414,2021-06-08,WestVlaanderen,62,96924,272,95245,0,0,1679
1415,2021-06-09,WestVlaanderen,56,96980,191,95436,0,0,1544
1416,2021-06-10,WestVlaanderen,50,97030,175,95611,0,0,1419
1417,2021-06-11,WestVlaanderen,52,97082,176,95787,0,0,1295
1418,2021-06-12,WestVlaanderen,34,97116,108,95895,0,0,1221
1419,2021-06-13,WestVlaanderen,12,97128,55,95950,0,0,1178
1420,2021-06-14,WestVlaanderen,56,97184,182,96132,0,0,1052
1421,2021-06-15,WestVlaanderen,33,97217,175,96307,0,0,910
1422,2021-06-16,WestVlaanderen,19,97236,0,96307,0,0,929
1423,2021-06-17,WestVlaanderen,0,97236,0,96307,0,0,929
1424,2021-06-18,WestVlaanderen,0,97236,0,96307,0,0,929
1425,2020-03-01,OostVlaanderen,1,1,0,0,0,0,1
1426,2020-03-02,OostVlaanderen,1,2,0,0,0,0,2
1427,2020-03-03,OostVlaanderen,3,5,0,0,0,0,5
1428,2020-03-04,OostVlaanderen,3,8,0,0,0,0,8
1429,2020-03-05,OostVlaanderen,9,17,0,0,0,0,17
1430,2020-03-06,OostVlaanderen,16,33,0,0,0,0,33
1431,2020-03-07,OostVlaanderen,1,34,0,0,0,0,34
1432,2020-03-08,OostVlaanderen,5,39,0,0,0,0,39
1433,2020-03-09,OostVlaanderen,6,45,0,0,0,0,45
1434,2020-03-10,OostVlaanderen,16,61,0,0,0,0,61
1435,2020-03-11,OostVlaanderen,25,86,0,0,0,0,86
1436,2020-03-12,OostVlaanderen,31,117,0,0,0,0,117
1437,2020-03-13,OostVlaanderen,29,146,0,0,0,0,146
1438,2020-03-14,OostVlaanderen,13,159,0,0,0,0,159
1439,2020-03-15,OostVlaanderen,19,178,1,1,0,0,177
1440,2020-03-16,OostVlaanderen,36,214,1,2,0,0,212
1441,2020-03-17,OostVlaanderen,39,253,3,5,0,0,248
1442,2020-03-18,OostVlaanderen,53,306,3,8,0,0,298
1443,2020-03-19,OostVlaanderen,59,365,9,17,0,0,348
1444,2020-03-20,OostVlaanderen,74,439,16,33,0,0,406
1445,2020-03-21,OostVlaanderen,39,478,1,34,0,0,444
1446,2020-03-22,OostVlaanderen,44,522,5,39,0,0,483
1447,2020-03-23,OostVlaanderen,144,666,6,45,0,0,621
1448,2020-03-24,OostVlaanderen,155,821,16,61,0,0,760
1449,2020-03-25,OostVlaanderen,145,966,25,86,0,0,880
1450,2020-03-26,OostVlaanderen,163,1129,31,117,0,0,1012
1451,2020-03-27,OostVlaanderen,221,1350,29,146,0,0,1204
1452,2020-03-28,OostVlaanderen,109,1459,13,159,0,0,1300
1453,2020-03-29,OostVlaanderen,70,1529,19,178,0,0,1351
1454,2020-03-30,OostVlaanderen,218,1747,36,214,0,0,1533
1455,2020-03-31,OostVlaanderen,218,1965,39,253,0,0,1712
1456,2020-04-01,OostVlaanderen,174,2139,53,306,0,0,1833
1457,2020-04-02,OostVlaanderen,153,2292,59,365,0,0,1927
1458,2020-04-03,OostVlaanderen,194,2486,74,439,0,0,2047
1459,2020-04-04,OostVlaanderen,131,2617,39,478,0,0,2139
1460,2020-04-05,OostVlaanderen,110,2727,44,522,0,0,2205
1461,2020-04-06,OostVlaanderen,213,2940,144,666,0,0,2274
1462,2020-04-07,OostVlaanderen,146,3086,155,821,0,0,2265
1463,2020-04-08,OostVlaanderen,169,3255,145,966,0,0,2289
1464,2020-04-09,OostVlaanderen,363,3618,163,1129,0,0,2489
1465,2020-04-10,OostVlaanderen,401,4019,221,1350,0,0,2669
1466,2020-04-11,OostVlaanderen,94,4113,109,1459,0,0,2654
1467,2020-04-12,OostVlaanderen,42,4155,70,1529,0,0,2626
1468,2020-04-13,OostVlaanderen,64,4219,218,1747,0,0,2472
1469,2020-04-14,OostVlaanderen,138,4357,218,1965,0,0,2392
1470,2020-04-15,OostVlaanderen,157,4514,174,2139,0,0,2375
1471,2020-04-16,OostVlaanderen,240,4754,153,2292,0,0,2462
1472,2020-04-17,OostVlaanderen,171,4925,194,2486,0,0,2439
1473,2020-04-18,OostVlaanderen,41,4966,131,2617,0,0,2349
1474,2020-04-19,OostVlaanderen,25,4991,110,2727,0,0,2264
1475,2020-04-20,OostVlaanderen,117,5108,213,2940,0,0,2168
1476,2020-04-21,OostVlaanderen,81,5189,146,3086,0,0,2103
1477,2020-04-22,OostVlaanderen,77,5266,169,3255,0,0,2011
1478,2020-04-23,OostVlaanderen,80,5346,363,3618,0,0,1728
1479,2020-04-24,OostVlaanderen,84,5430,401,4019,0,0,1411
1480,2020-04-25,OostVlaanderen,40,5470,94,4113,0,0,1357
1481,2020-04-26,OostVlaanderen,13,5483,42,4155,0,0,1328
1482,2020-04-27,OostVlaanderen,95,5578,64,4219,0,0,1359
1483,2020-04-28,OostVlaanderen,85,5663,138,4357,0,0,1306
1484,2020-04-29,OostVlaanderen,51,5714,157,4514,0,0,1200
1485,2020-04-30,OostVlaanderen,48,5762,240,4754,0,0,1008
1486,2020-05-01,OostVlaanderen,20,5782,171,4925,0,0,857
1487,2020-05-02,OostVlaanderen,25,5807,41,4966,0,0,841
1488,2020-05-03,OostVlaanderen,9,5816,25,4991,0,0,825
1489,2020-05-04,OostVlaanderen,60,5876,117,5108,0,0,768
1490,2020-05-05,OostVlaanderen,61,5937,81,5189,0,0,748
1491,2020-05-06,OostVlaanderen,57,5994,77,5266,0,0,728
1492,2020-05-07,OostVlaanderen,35,6029,80,5346,0,0,683
1493,2020-05-08,OostVlaanderen,45,6074,84,5430,0,0,644
1494,2020-05-09,OostVlaanderen,22,6096,40,5470,0,0,626
1495,2020-05-10,OostVlaanderen,3,6099,13,5483,0,0,616
1496,2020-05-11,OostVlaanderen,53,6152,95,5578,0,0,574
1497,2020-05-12,OostVlaanderen,37,6189,85,5663,0,0,526
1498,2020-05-13,OostVlaanderen,19,6208,51,5714,0,0,494
1499,2020-05-14,OostVlaanderen,28,6236,48,5762,0,0,474
1500,2020-05-15,OostVlaanderen,30,6266,20,5782,0,0,484
1501,2020-05-16,OostVlaanderen,23,6289,25,5807,0,0,482
1502,2020-05-17,OostVlaanderen,6,6295,9,5816,0,0,479
1503,2020-05-18,OostVlaanderen,41,6336,60,5876,0,0,460
1504,2020-05-19,OostVlaanderen,42,6378,61,5937,0,0,441
1505,2020-05-20,OostVlaanderen,39,6417,57,5994,0,0,423
1506,2020-05-21,OostVlaanderen,7,6424,35,6029,0,0,395
1507,2020-05-22,OostVlaanderen,32,6456,45,6074,0,0,382
1508,2020-05-23,OostVlaanderen,27,6483,22,6096,0,0,387
1509,2020-05-24,OostVlaanderen,7,6490,3,6099,0,0,391
1510,2020-05-25,OostVlaanderen,55,6545,53,6152,0,0,393
1511,2020-05-26,OostVlaanderen,32,6577,37,6189,0,0,388
1512,2020-05-27,OostVlaanderen,14,6591,19,6208,0,0,383
1513,2020-05-28,OostVlaanderen,21,6612,28,6236,0,0,376
1514,2020-05-29,OostVlaanderen,8,6620,30,6266,0,0,354
1515,2020-05-30,OostVlaanderen,10,6630,23,6289,0,0,341
1516,2020-05-31,OostVlaanderen,3,6633,6,6295,0,0,338
1517,2020-06-01,OostVlaanderen,12,6645,41,6336,0,0,309
1518,2020-06-02,OostVlaanderen,21,6666,42,6378,0,0,288
1519,2020-06-03,OostVlaanderen,13,6679,39,6417,0,0,262
1520,2020-06-04,OostVlaanderen,18,6697,7,6424,0,0,273
1521,2020-06-05,OostVlaanderen,12,6709,32,6456,0,0,253
1522,2020-06-06,OostVlaanderen,7,6716,27,6483,0,0,233
1523,2020-06-07,OostVlaanderen,6,6722,7,6490,0,0,232
1524,2020-06-08,OostVlaanderen,12,6734,55,6545,0,0,189
1525,2020-06-09,OostVlaanderen,12,6746,32,6577,0,0,169
1526,2020-06-10,OostVlaanderen,9,6755,14,6591,0,0,164
1527,2020-06-11,OostVlaanderen,11,6766,21,6612,0,0,154
1528,2020-06-12,OostVlaanderen,6,6772,8,6620,0,0,152
1529,2020-06-13,OostVlaanderen,3,6775,10,6630,0,0,145
1530,2020-06-14,OostVlaanderen,1,6776,3,6633,0,0,143
1531,2020-06-15,OostVlaanderen,12,6788,12,6645,0,0,143
1532,2020-06-16,OostVlaanderen,6,6794,21,6666,0,0,128
1533,2020-06-17,OostVlaanderen,9,6803,13,6679,0,0,124
1534,2020-06-18,OostVlaanderen,6,6809,18,6697,0,0,112
1535,2020-06-19,OostVlaanderen,11,6820,12,6709,0,0,111
1536,2020-06-20,OostVlaanderen,2,6822,7,6716,0,0,106
1537,2020-06-21,OostVlaanderen,1,6823,6,6722,0,0,101
1538,2020-06-22,OostVlaanderen,5,6828,12,6734,0,0,94
1539,2020-06-23,OostVlaanderen,8,6836,12,6746,0,0,90
1540,2020-06-24,OostVlaanderen,6,6842,9,6755,0,0,87
1541,2020-06-25,OostVlaanderen,8,6850,11,6766,0,0,84
1542,2020-06-26,OostVlaanderen,9,6859,6,6772,0,0,87
1543,2020-06-27,OostVlaanderen,6,6865,3,6775,0,0,90
1544,2020-06-28,OostVlaanderen,2,6867,1,6776,0,0,91
1545,2020-06-29,OostVlaanderen,6,6873,12,6788,0,0,85
1546,2020-06-30,OostVlaanderen,9,6882,6,6794,0,0,88
1547,2020-07-01,OostVlaanderen,12,6894,9,6803,0,0,91
1548,2020-07-02,OostVlaanderen,7,6901,6,6809,0,0,92
1549,2020-07-03,OostVlaanderen,12,6913,11,6820,0,0,93
1550,2020-07-04,OostVlaanderen,3,6916,2,6822,0,0,94
1551,2020-07-05,OostVlaanderen,2,6918,1,6823,0,0,95
1552,2020-07-06,OostVlaanderen,6,6924,5,6828,0,0,96
1553,2020-07-07,OostVlaanderen,11,6935,8,6836,0,0,99
1554,2020-07-08,OostVlaanderen,10,6945,6,6842,0,0,103
1555,2020-07-09,OostVlaanderen,10,6955,8,6850,0,0,105
1556,2020-07-10,OostVlaanderen,7,6962,9,6859,0,0,103
1557,2020-07-11,OostVlaanderen,2,6964,6,6865,0,0,99
1558,2020-07-12,OostVlaanderen,4,6968,2,6867,0,0,101
1559,2020-07-13,OostVlaanderen,10,6978,6,6873,0,0,105
1560,2020-07-14,OostVlaanderen,19,6997,9,6882,0,0,115
1561,2020-07-15,OostVlaanderen,16,7013,12,6894,0,0,119
1562,2020-07-16,OostVlaanderen,14,7027,7,6901,0,0,126
1563,2020-07-17,OostVlaanderen,5,7032,12,6913,0,0,119
1564,2020-07-18,OostVlaanderen,7,7039,3,6916,0,0,123
1565,2020-07-19,OostVlaanderen,7,7046,2,6918,0,0,128
1566,2020-07-20,OostVlaanderen,41,7087,6,6924,0,0,163
1567,2020-07-21,OostVlaanderen,11,7098,11,6935,0,0,163
1568,2020-07-22,OostVlaanderen,29,7127,10,6945,0,0,182
1569,2020-07-23,OostVlaanderen,33,7160,10,6955,0,0,205
1570,2020-07-24,OostVlaanderen,41,7201,7,6962,0,0,239
1571,2020-07-25,OostVlaanderen,19,7220,2,6964,0,0,256
1572,2020-07-26,OostVlaanderen,24,7244,4,6968,0,0,276
1573,2020-07-27,OostVlaanderen,47,7291,10,6978,0,0,313
1574,2020-07-28,OostVlaanderen,57,7348,19,6997,0,0,351
1575,2020-07-29,OostVlaanderen,59,7407,16,7013,0,0,394
1576,2020-07-30,OostVlaanderen,47,7454,14,7027,0,0,427
1577,2020-07-31,OostVlaanderen,55,7509,5,7032,0,0,477
1578,2020-08-01,OostVlaanderen,28,7537,7,7039,0,0,498
1579,2020-08-02,OostVlaanderen,19,7556,7,7046,0,0,510
1580,2020-08-03,OostVlaanderen,73,7629,41,7087,0,0,542
1581,2020-08-04,OostVlaanderen,46,7675,11,7098,0,0,577
1582,2020-08-05,OostVlaanderen,71,7746,29,7127,0,0,619
1583,2020-08-06,OostVlaanderen,91,7837,33,7160,0,0,677
1584,2020-08-07,OostVlaanderen,56,7893,41,7201,0,0,692
1585,2020-08-08,OostVlaanderen,32,7925,19,7220,0,0,705
1586,2020-08-09,OostVlaanderen,7,7932,24,7244,0,0,688
1587,2020-08-10,OostVlaanderen,60,7992,47,7291,0,0,701
1588,2020-08-11,OostVlaanderen,55,8047,57,7348,0,0,699
1589,2020-08-12,OostVlaanderen,51,8098,59,7407,0,0,691
1590,2020-08-13,OostVlaanderen,77,8175,47,7454,0,0,721
1591,2020-08-14,OostVlaanderen,60,8235,55,7509,0,0,726
1592,2020-08-15,OostVlaanderen,8,8243,28,7537,0,0,706
1593,2020-08-16,OostVlaanderen,11,8254,19,7556,0,0,698
1594,2020-08-17,OostVlaanderen,67,8321,73,7629,0,0,692
1595,2020-08-18,OostVlaanderen,58,8379,46,7675,0,0,704
1596,2020-08-19,OostVlaanderen,54,8433,71,7746,0,0,687
1597,2020-08-20,OostVlaanderen,44,8477,91,7837,0,0,640
1598,2020-08-21,OostVlaanderen,39,8516,56,7893,0,0,623
1599,2020-08-22,OostVlaanderen,16,8532,32,7925,0,0,607
1600,2020-08-23,OostVlaanderen,7,8539,7,7932,0,0,607
1601,2020-08-24,OostVlaanderen,50,8589,60,7992,0,0,597
1602,2020-08-25,OostVlaanderen,48,8637,55,8047,0,0,590
1603,2020-08-26,OostVlaanderen,32,8669,51,8098,0,0,571
1604,2020-08-27,OostVlaanderen,39,8708,77,8175,0,0,533
1605,2020-08-28,OostVlaanderen,52,8760,60,8235,0,0,525
1606,2020-08-29,OostVlaanderen,13,8773,8,8243,0,0,530
1607,2020-08-30,OostVlaanderen,14,8787,11,8254,0,0,533
1608,2020-08-31,OostVlaanderen,60,8847,67,8321,0,0,526
1609,2020-09-01,OostVlaanderen,37,8884,58,8379,0,0,505
1610,2020-09-02,OostVlaanderen,56,8940,54,8433,0,0,507
1611,2020-09-03,OostVlaanderen,52,8992,44,8477,0,0,515
1612,2020-09-04,OostVlaanderen,75,9067,39,8516,0,0,551
1613,2020-09-05,OostVlaanderen,27,9094,16,8532,0,0,562
1614,2020-09-06,OostVlaanderen,13,9107,7,8539,0,0,568
1615,2020-09-07,OostVlaanderen,109,9216,50,8589,0,0,627
1616,2020-09-08,OostVlaanderen,82,9298,48,8637,0,0,661
1617,2020-09-09,OostVlaanderen,96,9394,32,8669,0,0,725
1618,2020-09-10,OostVlaanderen,119,9513,39,8708,0,0,805
1619,2020-09-11,OostVlaanderen,139,9652,52,8760,0,0,892
1620,2020-09-12,OostVlaanderen,45,9697,13,8773,0,0,924
1621,2020-09-13,OostVlaanderen,28,9725,14,8787,0,0,938
1622,2020-09-14,OostVlaanderen,173,9898,60,8847,0,0,1051
1623,2020-09-15,OostVlaanderen,127,10025,37,8884,0,0,1141
1624,2020-09-16,OostVlaanderen,167,10192,56,8940,0,0,1252
1625,2020-09-17,OostVlaanderen,109,10301,52,8992,0,0,1309
1626,2020-09-18,OostVlaanderen,157,10458,75,9067,0,0,1391
1627,2020-09-19,OostVlaanderen,69,10527,27,9094,0,0,1433
1628,2020-09-20,OostVlaanderen,42,10569,13,9107,0,0,1462
1629,2020-09-21,OostVlaanderen,162,10731,109,9216,0,0,1515
1630,2020-09-22,OostVlaanderen,153,10884,82,9298,0,0,1586
1631,2020-09-23,OostVlaanderen,138,11022,96,9394,0,0,1628
1632,2020-09-24,OostVlaanderen,145,11167,119,9513,0,0,1654
1633,2020-09-25,OostVlaanderen,117,11284,139,9652,0,0,1632
1634,2020-09-26,OostVlaanderen,59,11343,45,9697,0,0,1646
1635,2020-09-27,OostVlaanderen,41,11384,28,9725,0,0,1659
1636,2020-09-28,OostVlaanderen,236,11620,173,9898,0,0,1722
1637,2020-09-29,OostVlaanderen,158,11778,127,10025,0,0,1753
1638,2020-09-30,OostVlaanderen,277,12055,167,10192,0,0,1863
1639,2020-10-01,OostVlaanderen,214,12269,109,10301,0,0,1968
1640,2020-10-02,OostVlaanderen,186,12455,157,10458,0,0,1997
1641,2020-10-03,OostVlaanderen,105,12560,69,10527,0,0,2033
1642,2020-10-04,OostVlaanderen,55,12615,42,10569,0,0,2046
1643,2020-10-05,OostVlaanderen,397,13012,162,10731,0,0,2281
1644,2020-10-06,OostVlaanderen,347,13359,153,10884,0,0,2475
1645,2020-10-07,OostVlaanderen,423,13782,138,11022,0,0,2760
1646,2020-10-08,OostVlaanderen,501,14283,145,11167,0,0,3116
1647,2020-10-09,OostVlaanderen,462,14745,117,11284,0,0,3461
1648,2020-10-10,OostVlaanderen,212,14957,59,11343,0,0,3614
1649,2020-10-11,OostVlaanderen,139,15096,41,11384,0,0,3712
1650,2020-10-12,OostVlaanderen,773,15869,236,11620,0,0,4249
1651,2020-10-13,OostVlaanderen,727,16596,158,11778,0,0,4818
1652,2020-10-14,OostVlaanderen,752,17348,277,12055,0,0,5293
1653,2020-10-15,OostVlaanderen,824,18172,214,12269,0,0,5903
1654,2020-10-16,OostVlaanderen,994,19166,186,12455,0,0,6711
1655,2020-10-17,OostVlaanderen,441,19607,105,12560,0,0,7047
1656,2020-10-18,OostVlaanderen,369,19976,55,12615,0,0,7361
1657,2020-10-19,OostVlaanderen,1630,21606,397,13012,0,0,8594
1658,2020-10-20,OostVlaanderen,1490,23096,347,13359,0,0,9737
1659,2020-10-21,OostVlaanderen,1646,24742,423,13782,0,0,10960
1660,2020-10-22,OostVlaanderen,1580,26322,501,14283,0,0,12039
1661,2020-10-23,OostVlaanderen,1706,28028,462,14745,0,0,13283
1662,2020-10-24,OostVlaanderen,930,28958,212,14957,0,0,14001
1663,2020-10-25,OostVlaanderen,489,29447,139,15096,0,0,14351
1664,2020-10-26,OostVlaanderen,2375,31822,773,15869,0,0,15953
1665,2020-10-27,OostVlaanderen,1848,33670,727,16596,0,0,17074
1666,2020-10-28,OostVlaanderen,1580,35250,752,17348,0,0,17902
1667,2020-10-29,OostVlaanderen,1516,36766,824,18172,0,0,18594
1668,2020-10-30,OostVlaanderen,1307,38073,994,19166,0,0,18907
1669,2020-10-31,OostVlaanderen,494,38567,441,19607,0,0,18960
1670,2020-11-01,OostVlaanderen,319,38886,369,19976,0,0,18910
1671,2020-11-02,OostVlaanderen,1567,40453,1630,21606,0,0,18847
1672,2020-11-03,OostVlaanderen,998,41451,1490,23096,0,0,18355
1673,2020-11-04,OostVlaanderen,1043,42494,1646,24742,0,0,17752
1674,2020-11-05,OostVlaanderen,710,43204,1580,26322,0,0,16882
1675,2020-11-06,OostVlaanderen,760,43964,1706,28028,0,0,15936
1676,2020-11-07,OostVlaanderen,320,44284,930,28958,0,0,15326
1677,2020-11-08,OostVlaanderen,184,44468,489,29447,0,0,15021
1678,2020-11-09,OostVlaanderen,1040,45508,2375,31822,0,0,13686
1679,2020-11-10,OostVlaanderen,893,46401,1848,33670,0,0,12731
1680,2020-11-11,OostVlaanderen,282,46683,1580,35250,0,0,11433
1681,2020-11-12,OostVlaanderen,776,47459,1516,36766,0,0,10693
1682,2020-11-13,OostVlaanderen,825,48284,1307,38073,0,0,10211
1683,2020-11-14,OostVlaanderen,295,48579,494,38567,0,0,10012
1684,2020-11-15,OostVlaanderen,122,48701,319,38886,0,0,9815
1685,2020-11-16,OostVlaanderen,767,49468,1567,40453,0,0,9015
1686,2020-11-17,OostVlaanderen,604,50072,998,41451,0,0,8621
1687,2020-11-18,OostVlaanderen,639,50711,1043,42494,0,0,8217
1688,2020-11-19,OostVlaanderen,360,51071,710,43204,0,0,7867
1689,2020-11-20,OostVlaanderen,390,51461,760,43964,0,0,7497
1690,2020-11-21,OostVlaanderen,189,51650,320,44284,0,0,7366
1691,2020-11-22,OostVlaanderen,125,51775,184,44468,0,0,7307
1692,2020-11-23,OostVlaanderen,500,52275,1040,45508,0,0,6767
1693,2020-11-24,OostVlaanderen,401,52676,893,46401,0,0,6275
1694,2020-11-25,OostVlaanderen,427,53103,282,46683,0,0,6420
1695,2020-11-26,OostVlaanderen,368,53471,776,47459,0,0,6012
1696,2020-11-27,OostVlaanderen,379,53850,825,48284,0,0,5566
1697,2020-11-28,OostVlaanderen,124,53974,295,48579,0,0,5395
1698,2020-11-29,OostVlaanderen,74,54048,122,48701,0,0,5347
1699,2020-11-30,OostVlaanderen,476,54524,767,49468,0,0,5056
1700,2020-12-01,OostVlaanderen,413,54937,604,50072,0,0,4865
1701,2020-12-02,OostVlaanderen,431,55368,639,50711,0,0,4657
1702,2020-12-03,OostVlaanderen,338,55706,360,51071,0,0,4635
1703,2020-12-04,OostVlaanderen,384,56090,390,51461,0,0,4629
1704,2020-12-05,OostVlaanderen,175,56265,189,51650,0,0,4615
1705,2020-12-06,OostVlaanderen,99,56364,125,51775,0,0,4589
1706,2020-12-07,OostVlaanderen,504,56868,500,52275,0,0,4593
1707,2020-12-08,OostVlaanderen,451,57319,401,52676,0,0,4643
1708,2020-12-09,OostVlaanderen,454,57773,427,53103,0,0,4670
1709,2020-12-10,OostVlaanderen,423,58196,368,53471,0,0,4725
1710,2020-12-11,OostVlaanderen,432,58628,379,53850,0,0,4778
1711,2020-12-12,OostVlaanderen,301,58929,124,53974,0,0,4955
1712,2020-12-13,OostVlaanderen,133,59062,74,54048,0,0,5014
1713,2020-12-14,OostVlaanderen,698,59760,476,54524,0,0,5236
1714,2020-12-15,OostVlaanderen,497,60257,413,54937,0,0,5320
1715,2020-12-16,OostVlaanderen,410,60667,431,55368,0,0,5299
1716,2020-12-17,OostVlaanderen,444,61111,338,55706,0,0,5405
1717,2020-12-18,OostVlaanderen,445,61556,384,56090,0,0,5466
1718,2020-12-19,OostVlaanderen,213,61769,175,56265,0,0,5504
1719,2020-12-20,OostVlaanderen,127,61896,99,56364,0,0,5532
1720,2020-12-21,OostVlaanderen,494,62390,504,56868,0,0,5522
1721,2020-12-22,OostVlaanderen,452,62842,451,57319,0,0,5523
1722,2020-12-23,OostVlaanderen,403,63245,454,57773,0,0,5472
1723,2020-12-24,OostVlaanderen,270,63515,423,58196,0,0,5319
1724,2020-12-25,OostVlaanderen,105,63620,432,58628,0,0,4992
1725,2020-12-26,OostVlaanderen,186,63806,301,58929,0,0,4877
1726,2020-12-27,OostVlaanderen,110,63916,133,59062,0,0,4854
1727,2020-12-28,OostVlaanderen,513,64429,698,59760,0,0,4669
1728,2020-12-29,OostVlaanderen,351,64780,497,60257,0,0,4523
1729,2020-12-30,OostVlaanderen,325,65105,410,60667,0,0,4438
1730,2020-12-31,OostVlaanderen,223,65328,444,61111,0,0,4217
1731,2021-01-01,OostVlaanderen,63,65391,445,61556,0,0,3835
1732,2021-01-02,OostVlaanderen,161,65552,213,61769,0,0,3783
1733,2021-01-03,OostVlaanderen,110,65662,127,61896,0,0,3766
1734,2021-01-04,OostVlaanderen,500,66162,494,62390,0,0,3772
1735,2021-01-05,OostVlaanderen,374,66536,452,62842,0,0,3694
1736,2021-01-06,OostVlaanderen,365,66901,403,63245,0,0,3656
1737,2021-01-07,OostVlaanderen,244,67145,270,63515,0,0,3630
1738,2021-01-08,OostVlaanderen,288,67433,105,63620,0,0,3813
1739,2021-01-09,OostVlaanderen,160,67593,186,63806,0,0,3787
1740,2021-01-10,OostVlaanderen,87,67680,110,63916,0,0,3764
1741,2021-01-11,OostVlaanderen,453,68133,513,64429,0,0,3704
1742,2021-01-12,OostVlaanderen,287,68420,351,64780,0,0,3640
1743,2021-01-13,OostVlaanderen,350,68770,325,65105,0,0,3665
1744,2021-01-14,OostVlaanderen,337,69107,223,65328,0,0,3779
1745,2021-01-15,OostVlaanderen,312,69419,63,65391,0,0,4028
1746,2021-01-16,OostVlaanderen,153,69572,161,65552,0,0,4020
1747,2021-01-17,OostVlaanderen,94,69666,110,65662,0,0,4004
1748,2021-01-18,OostVlaanderen,455,70121,500,66162,0,0,3959
1749,2021-01-19,OostVlaanderen,345,70466,374,66536,0,0,3930
1750,2021-01-20,OostVlaanderen,426,70892,365,66901,0,0,3991
1751,2021-01-21,OostVlaanderen,343,71235,244,67145,0,0,4090
1752,2021-01-22,OostVlaanderen,356,71591,288,67433,0,0,4158
1753,2021-01-23,OostVlaanderen,196,71787,160,67593,0,0,4194
1754,2021-01-24,OostVlaanderen,91,71878,87,67680,0,0,4198
1755,2021-01-25,OostVlaanderen,474,72352,453,68133,0,0,4219
1756,2021-01-26,OostVlaanderen,378,72730,287,68420,0,0,4310
1757,2021-01-27,OostVlaanderen,371,73101,350,68770,0,0,4331
1758,2021-01-28,OostVlaanderen,301,73402,337,69107,0,0,4295
1759,2021-01-29,OostVlaanderen,404,73806,312,69419,0,0,4387
1760,2021-01-30,OostVlaanderen,186,73992,153,69572,0,0,4420
1761,2021-01-31,OostVlaanderen,122,74114,94,69666,0,0,4448
1762,2021-02-01,OostVlaanderen,502,74616,455,70121,0,0,4495
1763,2021-02-02,OostVlaanderen,388,75004,345,70466,0,0,4538
1764,2021-02-03,OostVlaanderen,387,75391,426,70892,0,0,4499
1765,2021-02-04,OostVlaanderen,318,75709,343,71235,0,0,4474
1766,2021-02-05,OostVlaanderen,370,76079,356,71591,0,0,4488
1767,2021-02-06,OostVlaanderen,176,76255,196,71787,0,0,4468
1768,2021-02-07,OostVlaanderen,83,76338,91,71878,0,0,4460
1769,2021-02-08,OostVlaanderen,439,76777,474,72352,0,0,4425
1770,2021-02-09,OostVlaanderen,309,77086,378,72730,0,0,4356
1771,2021-02-10,OostVlaanderen,340,77426,371,73101,0,0,4325
1772,2021-02-11,OostVlaanderen,304,77730,301,73402,0,0,4328
1773,2021-02-12,OostVlaanderen,367,78097,404,73806,0,0,4291
1774,2021-02-13,OostVlaanderen,147,78244,186,73992,0,0,4252
1775,2021-02-14,OostVlaanderen,134,78378,122,74114,0,0,4264
1776,2021-02-15,OostVlaanderen,527,78905,502,74616,0,0,4289
1777,2021-02-16,OostVlaanderen,405,79310,388,75004,0,0,4306
1778,2021-02-17,OostVlaanderen,448,79758,387,75391,0,0,4367
1779,2021-02-18,OostVlaanderen,441,80199,318,75709,0,0,4490
1780,2021-02-19,OostVlaanderen,443,80642,370,76079,0,0,4563
1781,2021-02-20,OostVlaanderen,267,80909,176,76255,0,0,4654
1782,2021-02-21,OostVlaanderen,119,81028,83,76338,0,0,4690
1783,2021-02-22,OostVlaanderen,594,81622,439,76777,0,0,4845
1784,2021-02-23,OostVlaanderen,489,82111,309,77086,0,0,5025
1785,2021-02-24,OostVlaanderen,473,82584,340,77426,0,0,5158
1786,2021-02-25,OostVlaanderen,391,82975,304,77730,0,0,5245
1787,2021-02-26,OostVlaanderen,412,83387,367,78097,0,0,5290
1788,2021-02-27,OostVlaanderen,198,83585,147,78244,0,0,5341
1789,2021-02-28,OostVlaanderen,120,83705,134,78378,0,0,5327
1790,2021-03-01,OostVlaanderen,540,84245,527,78905,0,0,5340
1791,2021-03-02,OostVlaanderen,418,84663,405,79310,0,0,5353
1792,2021-03-03,OostVlaanderen,411,85074,448,79758,0,0,5316
1793,2021-03-04,OostVlaanderen,391,85465,441,80199,0,0,5266
1794,2021-03-05,OostVlaanderen,383,85848,443,80642,0,0,5206
1795,2021-03-06,OostVlaanderen,218,86066,267,80909,0,0,5157
1796,2021-03-07,OostVlaanderen,127,86193,119,81028,0,0,5165
1797,2021-03-08,OostVlaanderen,601,86794,594,81622,0,0,5172
1798,2021-03-09,OostVlaanderen,457,87251,489,82111,0,0,5140
1799,2021-03-10,OostVlaanderen,615,87866,473,82584,0,0,5282
1800,2021-03-11,OostVlaanderen,523,88389,391,82975,0,0,5414
1801,2021-03-12,OostVlaanderen,548,88937,412,83387,0,0,5550
1802,2021-03-13,OostVlaanderen,284,89221,198,83585,0,0,5636
1803,2021-03-14,OostVlaanderen,248,89469,120,83705,0,0,5764
1804,2021-03-15,OostVlaanderen,908,90377,540,84245,0,0,6132
1805,2021-03-16,OostVlaanderen,714,91091,418,84663,0,0,6428
1806,2021-03-17,OostVlaanderen,747,91838,411,85074,0,0,6764
1807,2021-03-18,OostVlaanderen,735,92573,391,85465,0,0,7108
1808,2021-03-19,OostVlaanderen,799,93372,383,85848,0,0,7524
1809,2021-03-20,OostVlaanderen,354,93726,218,86066,0,0,7660
1810,2021-03-21,OostVlaanderen,185,93911,127,86193,0,0,7718
1811,2021-03-22,OostVlaanderen,966,94877,601,86794,0,0,8083
1812,2021-03-23,OostVlaanderen,866,95743,457,87251,0,0,8492
1813,2021-03-24,OostVlaanderen,850,96593,615,87866,0,0,8727
1814,2021-03-25,OostVlaanderen,702,97295,523,88389,0,0,8906
1815,2021-03-26,OostVlaanderen,813,98108,548,88937,0,0,9171
1816,2021-03-27,OostVlaanderen,368,98476,284,89221,0,0,9255
1817,2021-03-28,OostVlaanderen,218,98694,248,89469,0,0,9225
1818,2021-03-29,OostVlaanderen,943,99637,908,90377,0,0,9260
1819,2021-03-30,OostVlaanderen,679,100316,714,91091,0,0,9225
1820,2021-03-31,OostVlaanderen,628,100944,747,91838,0,0,9106
1821,2021-04-01,OostVlaanderen,660,101604,735,92573,0,0,9031
1822,2021-04-02,OostVlaanderen,669,102273,799,93372,0,0,8901
1823,2021-04-03,OostVlaanderen,320,102593,354,93726,0,0,8867
1824,2021-04-04,OostVlaanderen,197,102790,185,93911,0,0,8879
1825,2021-04-05,OostVlaanderen,234,103024,966,94877,0,0,8147
1826,2021-04-06,OostVlaanderen,758,103782,866,95743,0,0,8039
1827,2021-04-07,OostVlaanderen,575,104357,850,96593,0,0,7764
1828,2021-04-08,OostVlaanderen,635,104992,702,97295,0,0,7697
1829,2021-04-09,OostVlaanderen,632,105624,813,98108,0,0,7516
1830,2021-04-10,OostVlaanderen,359,105983,368,98476,0,0,7507
1831,2021-04-11,OostVlaanderen,169,106152,218,98694,0,0,7458
1832,2021-04-12,OostVlaanderen,691,106843,943,99637,0,0,7206
1833,2021-04-13,OostVlaanderen,534,107377,679,100316,0,0,7061
1834,2021-04-14,OostVlaanderen,498,107875,628,100944,0,0,6931
1835,2021-04-15,OostVlaanderen,496,108371,660,101604,0,0,6767
1836,2021-04-16,OostVlaanderen,522,108893,669,102273,0,0,6620
1837,2021-04-17,OostVlaanderen,230,109123,320,102593,0,0,6530
1838,2021-04-18,OostVlaanderen,132,109255,197,102790,0,0,6465
1839,2021-04-19,OostVlaanderen,815,110070,234,103024,0,0,7046
1840,2021-04-20,OostVlaanderen,543,110613,758,103782,0,0,6831
1841,2021-04-21,OostVlaanderen,471,111084,575,104357,0,0,6727
1842,2021-04-22,OostVlaanderen,435,111519,635,104992,0,0,6527
1843,2021-04-23,OostVlaanderen,421,111940,632,105624,0,0,6316
1844,2021-04-24,OostVlaanderen,200,112140,359,105983,0,0,6157
1845,2021-04-25,OostVlaanderen,128,112268,169,106152,0,0,6116
1846,2021-04-26,OostVlaanderen,598,112866,691,106843,0,0,6023
1847,2021-04-27,OostVlaanderen,431,113297,534,107377,0,0,5920
1848,2021-04-28,OostVlaanderen,361,113658,498,107875,0,0,5783
1849,2021-04-29,OostVlaanderen,398,114056,496,108371,0,0,5685
1850,2021-04-30,OostVlaanderen,434,114490,522,108893,0,0,5597
1851,2021-05-01,OostVlaanderen,154,114644,230,109123,0,0,5521
1852,2021-05-02,OostVlaanderen,141,114785,132,109255,0,0,5530
1853,2021-05-03,OostVlaanderen,569,115354,815,110070,0,0,5284
1854,2021-05-04,OostVlaanderen,431,115785,543,110613,0,0,5172
1855,2021-05-05,OostVlaanderen,426,116211,471,111084,0,0,5127
1856,2021-05-06,OostVlaanderen,392,116603,435,111519,0,0,5084
1857,2021-05-07,OostVlaanderen,389,116992,421,111940,0,0,5052
1858,2021-05-08,OostVlaanderen,151,117143,200,112140,0,0,5003
1859,2021-05-09,OostVlaanderen,79,117222,128,112268,0,0,4954
1860,2021-05-10,OostVlaanderen,403,117625,598,112866,0,0,4759
1861,2021-05-11,OostVlaanderen,364,117989,431,113297,0,0,4692
1862,2021-05-12,OostVlaanderen,307,118296,361,113658,0,0,4638
1863,2021-05-13,OostVlaanderen,74,118370,398,114056,0,0,4314
1864,2021-05-14,OostVlaanderen,343,118713,434,114490,0,0,4223
1865,2021-05-15,OostVlaanderen,128,118841,154,114644,0,0,4197
1866,2021-05-16,OostVlaanderen,70,118911,141,114785,0,0,4126
1867,2021-05-17,OostVlaanderen,416,119327,569,115354,0,0,3973
1868,2021-05-18,OostVlaanderen,335,119662,431,115785,0,0,3877
1869,2021-05-19,OostVlaanderen,303,119965,426,116211,0,0,3754
1870,2021-05-20,OostVlaanderen,244,120209,392,116603,0,0,3606
1871,2021-05-21,OostVlaanderen,231,120440,389,116992,0,0,3448
1872,2021-05-22,OostVlaanderen,119,120559,151,117143,0,0,3416
1873,2021-05-23,OostVlaanderen,86,120645,79,117222,0,0,3423
1874,2021-05-24,OostVlaanderen,109,120754,403,117625,0,0,3129
1875,2021-05-25,OostVlaanderen,302,121056,364,117989,0,0,3067
1876,2021-05-26,OostVlaanderen,247,121303,307,118296,0,0,3007
1877,2021-05-27,OostVlaanderen,229,121532,74,118370,0,0,3162
1878,2021-05-28,OostVlaanderen,211,121743,343,118713,0,0,3030
1879,2021-05-29,OostVlaanderen,113,121856,128,118841,0,0,3015
1880,2021-05-30,OostVlaanderen,57,121913,70,118911,0,0,3002
1881,2021-05-31,OostVlaanderen,193,122106,416,119327,0,0,2779
1882,2021-06-01,OostVlaanderen,172,122278,335,119662,0,0,2616
1883,2021-06-02,OostVlaanderen,169,122447,303,119965,0,0,2482
1884,2021-06-03,OostVlaanderen,111,122558,244,120209,0,0,2349
1885,2021-06-04,OostVlaanderen,125,122683,231,120440,0,0,2243
1886,2021-06-05,OostVlaanderen,62,122745,119,120559,0,0,2186
1887,2021-06-06,OostVlaanderen,22,122767,86,120645,0,0,2122
1888,2021-06-07,OostVlaanderen,133,122900,109,120754,0,0,2146
1889,2021-06-08,OostVlaanderen,117,123017,302,121056,0,0,1961
1890,2021-06-09,OostVlaanderen,78,123095,247,121303,0,0,1792
1891,2021-06-10,OostVlaanderen,88,123183,229,121532,0,0,1651
1892,2021-06-11,OostVlaanderen,90,123273,211,121743,0,0,1530
1893,2021-06-12,OostVlaanderen,33,123306,113,121856,0,0,1450
1894,2021-06-13,OostVlaanderen,17,123323,57,121913,0,0,1410
1895,2021-06-14,OostVlaanderen,94,123417,193,122106,0,0,1311
1896,2021-06-15,OostVlaanderen,66,123483,172,122278,0,0,1205
1897,2021-06-16,OostVlaanderen,29,123512,169,122447,0,0,1065
1898,2021-06-17,OostVlaanderen,1,123513,111,122558,0,0,955
1899,2021-06-18,OostVlaanderen,0,123513,0,122558,0,0,955
1900,2020-03-01,Namur,0,0,0,0,0,0,0
1901,2020-03-02,Namur,0,0,0,0,0,0,0
1902,2020-03-03,Namur,1,1,0,0,0,0,1
1903,2020-03-04,Namur,1,2,0,0,0,0,2
1904,2020-03-05,Namur,1,3,0,0,0,0,3
1905,2020-03-06,Namur,5,8,0,0,0,0,8
1906,2020-03-07,Namur,0,8,0,0,0,0,8
1907,2020-03-08,Namur,2,10,0,0,0,0,10
1908,2020-03-09,Namur,3,13,0,0,0,0,13
1909,2020-03-10,Namur,0,13,0,0,0,0,13
1910,2020-03-11,Namur,5,18,0,0,0,0,18
1911,2020-03-12,Namur,2,20,0,0,0,0,20
1912,2020-03-13,Namur,7,27,0,0,0,0,27
1913,2020-03-14,Namur,4,31,0,0,0,0,31
1914,2020-03-15,Namur,1,32,0,0,0,0,32
1915,2020-03-16,Namur,0,32,0,0,0,0,32
1916,2020-03-17,Namur,9,41,1,1,0,0,40
1917,2020-03-18,Namur,21,62,1,2,0,0,60
1918,2020-03-19,Namur,21,83,1,3,0,0,80
1919,2020-03-20,Namur,15,98,5,8,0,0,90
1920,2020-03-21,Namur,9,107,0,8,0,0,99
1921,2020-03-22,Namur,16,123,2,10,0,0,113
1922,2020-03-23,Namur,32,155,3,13,0,0,142
1923,2020-03-24,Namur,29,184,0,13,0,0,171
1924,2020-03-25,Namur,38,222,5,18,0,0,204
1925,2020-03-26,Namur,33,255,2,20,0,0,235
1926,2020-03-27,Namur,46,301,7,27,0,0,274
1927,2020-03-28,Namur,31,332,4,31,0,0,301
1928,2020-03-29,Namur,23,355,1,32,0,0,323
1929,2020-03-30,Namur,48,403,0,32,0,0,371
1930,2020-03-31,Namur,49,452,9,41,0,0,411
1931,2020-04-01,Namur,58,510,21,62,0,0,448
1932,2020-04-02,Namur,77,587,21,83,0,0,504
1933,2020-04-03,Namur,68,655,15,98,0,0,557
1934,2020-04-04,Namur,38,693,9,107,0,0,586
1935,2020-04-05,Namur,37,730,16,123,0,0,607
1936,2020-04-06,Namur,76,806,32,155,0,0,651
1937,2020-04-07,Namur,77,883,29,184,0,0,699
1938,2020-04-08,Namur,70,953,38,222,0,0,731
1939,2020-04-09,Namur,55,1008,33,255,0,0,753
1940,2020-04-10,Namur,48,1056,46,301,0,0,755
1941,2020-04-11,Namur,41,1097,31,332,0,0,765
1942,2020-04-12,Namur,24,1121,23,355,0,0,766
1943,2020-04-13,Namur,19,1140,48,403,0,0,737
1944,2020-04-14,Namur,60,1200,49,452,0,0,748
1945,2020-04-15,Namur,120,1320,58,510,0,0,810
1946,2020-04-16,Namur,58,1378,77,587,0,0,791
1947,2020-04-17,Namur,43,1421,68,655,0,0,766
1948,2020-04-18,Namur,22,1443,38,693,0,0,750
1949,2020-04-19,Namur,59,1502,37,730,0,0,772
1950,2020-04-20,Namur,78,1580,76,806,0,0,774
1951,2020-04-21,Namur,53,1633,77,883,0,0,750
1952,2020-04-22,Namur,31,1664,70,953,0,0,711
1953,2020-04-23,Namur,26,1690,55,1008,0,0,682
1954,2020-04-24,Namur,61,1751,48,1056,0,0,695
1955,2020-04-25,Namur,42,1793,41,1097,0,0,696
1956,2020-04-26,Namur,11,1804,24,1121,0,0,683
1957,2020-04-27,Namur,45,1849,19,1140,0,0,709
1958,2020-04-28,Namur,30,1879,60,1200,0,0,679
1959,2020-04-29,Namur,35,1914,120,1320,0,0,594
1960,2020-04-30,Namur,21,1935,58,1378,0,0,557
1961,2020-05-01,Namur,8,1943,43,1421,0,0,522
1962,2020-05-02,Namur,13,1956,22,1443,0,0,513
1963,2020-05-03,Namur,14,1970,59,1502,0,0,468
1964,2020-05-04,Namur,36,2006,78,1580,0,0,426
1965,2020-05-05,Namur,35,2041,53,1633,0,0,408
1966,2020-05-06,Namur,21,2062,31,1664,0,0,398
1967,2020-05-07,Namur,32,2094,26,1690,0,0,404
1968,2020-05-08,Namur,33,2127,61,1751,0,0,376
1969,2020-05-09,Namur,11,2138,42,1793,0,0,345
1970,2020-05-10,Namur,3,2141,11,1804,0,0,337
1971,2020-05-11,Namur,27,2168,45,1849,0,0,319
1972,2020-05-12,Namur,18,2186,30,1879,0,0,307
1973,2020-05-13,Namur,20,2206,35,1914,0,0,292
1974,2020-05-14,Namur,11,2217,21,1935,0,0,282
1975,2020-05-15,Namur,9,2226,8,1943,0,0,283
1976,2020-05-16,Namur,6,2232,13,1956,0,0,276
1977,2020-05-17,Namur,1,2233,14,1970,0,0,263
1978,2020-05-18,Namur,10,2243,36,2006,0,0,237
1979,2020-05-19,Namur,7,2250,35,2041,0,0,209
1980,2020-05-20,Namur,16,2266,21,2062,0,0,204
1981,2020-05-21,Namur,2,2268,32,2094,0,0,174
1982,2020-05-22,Namur,5,2273,33,2127,0,0,146
1983,2020-05-23,Namur,1,2274,11,2138,0,0,136
1984,2020-05-24,Namur,4,2278,3,2141,0,0,137
1985,2020-05-25,Namur,11,2289,27,2168,0,0,121
1986,2020-05-26,Namur,2,2291,18,2186,0,0,105
1987,2020-05-27,Namur,5,2296,20,2206,0,0,90
1988,2020-05-28,Namur,1,2297,11,2217,0,0,80
1989,2020-05-29,Namur,13,2310,9,2226,0,0,84
1990,2020-05-30,Namur,2,2312,6,2232,0,0,80
1991,2020-05-31,Namur,4,2316,1,2233,0,0,83
1992,2020-06-01,Namur,1,2317,10,2243,0,0,74
1993,2020-06-02,Namur,6,2323,7,2250,0,0,73
1994,2020-06-03,Namur,2,2325,16,2266,0,0,59
1995,2020-06-04,Namur,7,2332,2,2268,0,0,64
1996,2020-06-05,Namur,6,2338,5,2273,0,0,65
1997,2020-06-06,Namur,0,2338,1,2274,0,0,64
1998,2020-06-07,Namur,0,2338,4,2278,0,0,60
1999,2020-06-08,Namur,3,2341,11,2289,0,0,52
2000,2020-06-09,Namur,5,2346,2,2291,0,0,55
2001,2020-06-10,Namur,3,2349,5,2296,0,0,53
2002,2020-06-11,Namur,1,2350,1,2297,0,0,53
2003,2020-06-12,Namur,1,2351,13,2310,0,0,41
2004,2020-06-13,Namur,2,2353,2,2312,0,0,41
2005,2020-06-14,Namur,0,2353,4,2316,0,0,37
2006,2020-06-15,Namur,3,2356,1,2317,0,0,39
2007,2020-06-16,Namur,1,2357,6,2323,0,0,34
2008,2020-06-17,Namur,2,2359,2,2325,0,0,34
2009,2020-06-18,Namur,2,2361,7,2332,0,0,29
2010,2020-06-19,Namur,2,2363,6,2338,0,0,25
2011,2020-06-20,Namur,2,2365,0,2338,0,0,27
2012,2020-06-21,Namur,0,2365,0,2338,0,0,27
2013,2020-06-22,Namur,2,2367,3,2341,0,0,26
2014,2020-06-23,Namur,3,2370,5,2346,0,0,24
2015,2020-06-24,Namur,2,2372,3,2349,0,0,23
2016,2020-06-25,Namur,1,2373,1,2350,0,0,23
2017,2020-06-26,Namur,1,2374,1,2351,0,0,23
2018,2020-06-27,Namur,1,2375,2,2353,0,0,22
2019,2020-06-28,Namur,0,2375,0,2353,0,0,22
2020,2020-06-29,Namur,3,2378,3,2356,0,0,22
2021,2020-06-30,Namur,4,2382,1,2357,0,0,25
2022,2020-07-01,Namur,0,2382,2,2359,0,0,23
2023,2020-07-02,Namur,1,2383,2,2361,0,0,22
2024,2020-07-03,Namur,2,2385,2,2363,0,0,22
2025,2020-07-04,Namur,1,2386,2,2365,0,0,21
2026,2020-07-05,Namur,0,2386,0,2365,0,0,21
2027,2020-07-06,Namur,1,2387,2,2367,0,0,20
2028,2020-07-07,Namur,2,2389,3,2370,0,0,19
2029,2020-07-08,Namur,0,2389,2,2372,0,0,17
2030,2020-07-09,Namur,0,2389,1,2373,0,0,16
2031,2020-07-10,Namur,0,2389,1,2374,0,0,15
2032,2020-07-11,Namur,4,2393,1,2375,0,0,18
2033,2020-07-12,Namur,0,2393,0,2375,0,0,18
2034,2020-07-13,Namur,1,2394,3,2378,0,0,16
2035,2020-07-14,Namur,2,2396,4,2382,0,0,14
2036,2020-07-15,Namur,5,2401,0,2382,0,0,19
2037,2020-07-16,Namur,5,2406,1,2383,0,0,23
2038,2020-07-17,Namur,4,2410,2,2385,0,0,25
2039,2020-07-18,Namur,5,2415,1,2386,0,0,29
2040,2020-07-19,Namur,0,2415,0,2386,0,0,29
2041,2020-07-20,Namur,9,2424,1,2387,0,0,37
2042,2020-07-21,Namur,2,2426,2,2389,0,0,37
2043,2020-07-22,Namur,12,2438,0,2389,0,0,49
2044,2020-07-23,Namur,7,2445,0,2389,0,0,56
2045,2020-07-24,Namur,9,2454,0,2389,0,0,65
2046,2020-07-25,Namur,2,2456,4,2393,0,0,63
2047,2020-07-26,Namur,6,2462,0,2393,0,0,69
2048,2020-07-27,Namur,11,2473,1,2394,0,0,79
2049,2020-07-28,Namur,25,2498,2,2396,0,0,102
2050,2020-07-29,Namur,33,2531,5,2401,0,0,130
2051,2020-07-30,Namur,10,2541,5,2406,0,0,135
2052,2020-07-31,Namur,25,2566,4,2410,0,0,156
2053,2020-08-01,Namur,5,2571,5,2415,0,0,156
2054,2020-08-02,Namur,2,2573,0,2415,0,0,158
2055,2020-08-03,Namur,24,2597,9,2424,0,0,173
2056,2020-08-04,Namur,31,2628,2,2426,0,0,202
2057,2020-08-05,Namur,23,2651,12,2438,0,0,213
2058,2020-08-06,Namur,33,2684,7,2445,0,0,239
2059,2020-08-07,Namur,25,2709,9,2454,0,0,255
2060,2020-08-08,Namur,6,2715,2,2456,0,0,259
2061,2020-08-09,Namur,2,2717,6,2462,0,0,255
2062,2020-08-10,Namur,45,2762,11,2473,0,0,289
2063,2020-08-11,Namur,25,2787,25,2498,0,0,289
2064,2020-08-12,Namur,27,2814,33,2531,0,0,283
2065,2020-08-13,Namur,16,2830,10,2541,0,0,289
2066,2020-08-14,Namur,26,2856,25,2566,0,0,290
2067,2020-08-15,Namur,5,2861,5,2571,0,0,290
2068,2020-08-16,Namur,9,2870,2,2573,0,0,297
2069,2020-08-17,Namur,25,2895,24,2597,0,0,298
2070,2020-08-18,Namur,45,2940,31,2628,0,0,312
2071,2020-08-19,Namur,13,2953,23,2651,0,0,302
2072,2020-08-20,Namur,12,2965,33,2684,0,0,281
2073,2020-08-21,Namur,19,2984,25,2709,0,0,275
2074,2020-08-22,Namur,7,2991,6,2715,0,0,276
2075,2020-08-23,Namur,0,2991,2,2717,0,0,274
2076,2020-08-24,Namur,13,3004,45,2762,0,0,242
2077,2020-08-25,Namur,11,3015,25,2787,0,0,228
2078,2020-08-26,Namur,22,3037,27,2814,0,0,223
2079,2020-08-27,Namur,18,3055,16,2830,0,0,225
2080,2020-08-28,Namur,22,3077,26,2856,0,0,221
2081,2020-08-29,Namur,7,3084,5,2861,0,0,223
2082,2020-08-30,Namur,5,3089,9,2870,0,0,219
2083,2020-08-31,Namur,19,3108,25,2895,0,0,213
2084,2020-09-01,Namur,12,3120,45,2940,0,0,180
2085,2020-09-02,Namur,18,3138,13,2953,0,0,185
2086,2020-09-03,Namur,23,3161,12,2965,0,0,196
2087,2020-09-04,Namur,18,3179,19,2984,0,0,195
2088,2020-09-05,Namur,9,3188,7,2991,0,0,197
2089,2020-09-06,Namur,5,3193,0,2991,0,0,202
2090,2020-09-07,Namur,16,3209,13,3004,0,0,205
2091,2020-09-08,Namur,12,3221,11,3015,0,0,206
2092,2020-09-09,Namur,18,3239,22,3037,0,0,202
2093,2020-09-10,Namur,39,3278,18,3055,0,0,223
2094,2020-09-11,Namur,35,3313,22,3077,0,0,236
2095,2020-09-12,Namur,23,3336,7,3084,0,0,252
2096,2020-09-13,Namur,3,3339,5,3089,0,0,250
2097,2020-09-14,Namur,44,3383,19,3108,0,0,275
2098,2020-09-15,Namur,50,3433,12,3120,0,0,313
2099,2020-09-16,Namur,55,3488,18,3138,0,0,350
2100,2020-09-17,Namur,45,3533,23,3161,0,0,372
2101,2020-09-18,Namur,43,3576,18,3179,0,0,397
2102,2020-09-19,Namur,31,3607,9,3188,0,0,419
2103,2020-09-20,Namur,27,3634,5,3193,0,0,441
2104,2020-09-21,Namur,65,3699,16,3209,0,0,490
2105,2020-09-22,Namur,89,3788,12,3221,0,0,567
2106,2020-09-23,Namur,89,3877,18,3239,0,0,638
2107,2020-09-24,Namur,64,3941,39,3278,0,0,663
2108,2020-09-25,Namur,69,4010,35,3313,0,0,697
2109,2020-09-26,Namur,62,4072,23,3336,0,0,736
2110,2020-09-27,Namur,34,4106,3,3339,0,0,767
2111,2020-09-28,Namur,123,4229,44,3383,0,0,846
2112,2020-09-29,Namur,143,4372,50,3433,0,0,939
2113,2020-09-30,Namur,148,4520,55,3488,0,0,1032
2114,2020-10-01,Namur,225,4745,45,3533,0,0,1212
2115,2020-10-02,Namur,201,4946,43,3576,0,0,1370
2116,2020-10-03,Namur,107,5053,31,3607,0,0,1446
2117,2020-10-04,Namur,72,5125,27,3634,0,0,1491
2118,2020-10-05,Namur,269,5394,65,3699,0,0,1695
2119,2020-10-06,Namur,308,5702,89,3788,0,0,1914
2120,2020-10-07,Namur,474,6176,89,3877,0,0,2299
2121,2020-10-08,Namur,415,6591,64,3941,0,0,2650
2122,2020-10-09,Namur,526,7117,69,4010,0,0,3107
2123,2020-10-10,Namur,392,7509,62,4072,0,0,3437
2124,2020-10-11,Namur,167,7676,34,4106,0,0,3570
2125,2020-10-12,Namur,524,8200,123,4229,0,0,3971
2126,2020-10-13,Namur,831,9031,143,4372,0,0,4659
2127,2020-10-14,Namur,814,9845,148,4520,0,0,5325
2128,2020-10-15,Namur,573,10418,225,4745,0,0,5673
2129,2020-10-16,Namur,795,11213,201,4946,0,0,6267
2130,2020-10-17,Namur,803,12016,107,5053,0,0,6963
2131,2020-10-18,Namur,344,12360,72,5125,0,0,7235
2132,2020-10-19,Namur,689,13049,269,5394,0,0,7655
2133,2020-10-20,Namur,1343,14392,308,5702,0,0,8690
2134,2020-10-21,Namur,992,15384,474,6176,0,0,9208
2135,2020-10-22,Namur,1099,16483,415,6591,0,0,9892
2136,2020-10-23,Namur,763,17246,526,7117,0,0,10129
2137,2020-10-24,Namur,1107,18353,392,7509,0,0,10844
2138,2020-10-25,Namur,250,18603,167,7676,0,0,10927
2139,2020-10-26,Namur,739,19342,524,8200,0,0,11142
2140,2020-10-27,Namur,2028,21370,831,9031,0,0,12339
2141,2020-10-28,Namur,1113,22483,814,9845,0,0,12638
2142,2020-10-29,Namur,637,23120,573,10418,0,0,12702
2143,2020-10-30,Namur,1436,24556,795,11213,0,0,13343
2144,2020-10-31,Namur,403,24959,803,12016,0,0,12943
2145,2020-11-01,Namur,173,25132,344,12360,0,0,12772
2146,2020-11-02,Namur,794,25926,689,13049,0,0,12877
2147,2020-11-03,Namur,785,26711,1343,14392,0,0,12319
2148,2020-11-04,Namur,624,27335,992,15384,0,0,11951
2149,2020-11-05,Namur,493,27828,1099,16483,0,0,11345
2150,2020-11-06,Namur,360,28188,763,17246,0,0,10942
2151,2020-11-07,Namur,226,28414,1107,18353,0,0,10061
2152,2020-11-08,Namur,88,28502,250,18603,0,0,9899
2153,2020-11-09,Namur,538,29040,739,19342,0,0,9698
2154,2020-11-10,Namur,508,29548,2028,21370,0,0,8178
2155,2020-11-11,Namur,160,29708,1113,22483,0,0,7225
2156,2020-11-12,Namur,344,30052,637,23120,0,0,6932
2157,2020-11-13,Namur,272,30324,1436,24556,0,0,5768
2158,2020-11-14,Namur,158,30482,403,24959,0,0,5523
2159,2020-11-15,Namur,20,30502,173,25132,0,0,5370
2160,2020-11-16,Namur,268,30770,794,25926,0,0,4844
2161,2020-11-17,Namur,244,31014,785,26711,0,0,4303
2162,2020-11-18,Namur,163,31177,624,27335,0,0,3842
2163,2020-11-19,Namur,143,31320,493,27828,0,0,3492
2164,2020-11-20,Namur,180,31500,360,28188,0,0,3312
2165,2020-11-21,Namur,77,31577,226,28414,0,0,3163
2166,2020-11-22,Namur,36,31613,88,28502,0,0,3111
2167,2020-11-23,Namur,187,31800,538,29040,0,0,2760
2168,2020-11-24,Namur,169,31969,508,29548,0,0,2421
2169,2020-11-25,Namur,111,32080,160,29708,0,0,2372
2170,2020-11-26,Namur,111,32191,344,30052,0,0,2139
2171,2020-11-27,Namur,129,32320,272,30324,0,0,1996
2172,2020-11-28,Namur,70,32390,158,30482,0,0,1908
2173,2020-11-29,Namur,12,32402,20,30502,0,0,1900
2174,2020-11-30,Namur,120,32522,268,30770,0,0,1752
2175,2020-12-01,Namur,104,32626,244,31014,0,0,1612
2176,2020-12-02,Namur,109,32735,163,31177,0,0,1558
2177,2020-12-03,Namur,113,32848,143,31320,0,0,1528
2178,2020-12-04,Namur,96,32944,180,31500,0,0,1444
2179,2020-12-05,Namur,54,32998,77,31577,0,0,1421
2180,2020-12-06,Namur,18,33016,36,31613,0,0,1403
2181,2020-12-07,Namur,137,33153,187,31800,0,0,1353
2182,2020-12-08,Namur,128,33281,169,31969,0,0,1312
2183,2020-12-09,Namur,120,33401,111,32080,0,0,1321
2184,2020-12-10,Namur,118,33519,111,32191,0,0,1328
2185,2020-12-11,Namur,135,33654,129,32320,0,0,1334
2186,2020-12-12,Namur,84,33738,70,32390,0,0,1348
2187,2020-12-13,Namur,28,33766,12,32402,0,0,1364
2188,2020-12-14,Namur,168,33934,120,32522,0,0,1412
2189,2020-12-15,Namur,156,34090,104,32626,0,0,1464
2190,2020-12-16,Namur,164,34254,109,32735,0,0,1519
2191,2020-12-17,Namur,110,34364,113,32848,0,0,1516
2192,2020-12-18,Namur,139,34503,96,32944,0,0,1559
2193,2020-12-19,Namur,83,34586,54,32998,0,0,1588
2194,2020-12-20,Namur,19,34605,18,33016,0,0,1589
2195,2020-12-21,Namur,139,34744,137,33153,0,0,1591
2196,2020-12-22,Namur,152,34896,128,33281,0,0,1615
2197,2020-12-23,Namur,100,34996,120,33401,0,0,1595
2198,2020-12-24,Namur,97,35093,118,33519,0,0,1574
2199,2020-12-25,Namur,8,35101,135,33654,0,0,1447
2200,2020-12-26,Namur,50,35151,84,33738,0,0,1413
2201,2020-12-27,Namur,23,35174,28,33766,0,0,1408
2202,2020-12-28,Namur,100,35274,168,33934,0,0,1340
2203,2020-12-29,Namur,105,35379,156,34090,0,0,1289
2204,2020-12-30,Namur,66,35445,164,34254,0,0,1191
2205,2020-12-31,Namur,73,35518,110,34364,0,0,1154
2206,2021-01-01,Namur,12,35530,139,34503,0,0,1027
2207,2021-01-02,Namur,47,35577,83,34586,0,0,991
2208,2021-01-03,Namur,23,35600,19,34605,0,0,995
2209,2021-01-04,Namur,109,35709,139,34744,0,0,965
2210,2021-01-05,Namur,130,35839,152,34896,0,0,943
2211,2021-01-06,Namur,107,35946,100,34996,0,0,950
2212,2021-01-07,Namur,91,36037,97,35093,0,0,944
2213,2021-01-08,Namur,58,36095,8,35101,0,0,994
2214,2021-01-09,Namur,58,36153,50,35151,0,0,1002
2215,2021-01-10,Namur,12,36165,23,35174,0,0,991
2216,2021-01-11,Namur,107,36272,100,35274,0,0,998
2217,2021-01-12,Namur,69,36341,105,35379,0,0,962
2218,2021-01-13,Namur,67,36408,66,35445,0,0,963
2219,2021-01-14,Namur,69,36477,73,35518,0,0,959
2220,2021-01-15,Namur,65,36542,12,35530,0,0,1012
2221,2021-01-16,Namur,66,36608,47,35577,0,0,1031
2222,2021-01-17,Namur,17,36625,23,35600,0,0,1025
2223,2021-01-18,Namur,82,36707,109,35709,0,0,998
2224,2021-01-19,Namur,72,36779,130,35839,0,0,940
2225,2021-01-20,Namur,76,36855,107,35946,0,0,909
2226,2021-01-21,Namur,79,36934,91,36037,0,0,897
2227,2021-01-22,Namur,91,37025,58,36095,0,0,930
2228,2021-01-23,Namur,50,37075,58,36153,0,0,922
2229,2021-01-24,Namur,20,37095,12,36165,0,0,930
2230,2021-01-25,Namur,88,37183,107,36272,0,0,911
2231,2021-01-26,Namur,111,37294,69,36341,0,0,953
2232,2021-01-27,Namur,77,37371,67,36408,0,0,963
2233,2021-01-28,Namur,90,37461,69,36477,0,0,984
2234,2021-01-29,Namur,104,37565,65,36542,0,0,1023
2235,2021-01-30,Namur,82,37647,66,36608,0,0,1039
2236,2021-01-31,Namur,22,37669,17,36625,0,0,1044
2237,2021-02-01,Namur,108,37777,82,36707,0,0,1070
2238,2021-02-02,Namur,124,37901,72,36779,0,0,1122
2239,2021-02-03,Namur,118,38019,76,36855,0,0,1164
2240,2021-02-04,Namur,121,38140,79,36934,0,0,1206
2241,2021-02-05,Namur,148,38288,91,37025,0,0,1263
2242,2021-02-06,Namur,60,38348,50,37075,0,0,1273
2243,2021-02-07,Namur,20,38368,20,37095,0,0,1273
2244,2021-02-08,Namur,113,38481,88,37183,0,0,1298
2245,2021-02-09,Namur,68,38549,111,37294,0,0,1255
2246,2021-02-10,Namur,90,38639,77,37371,0,0,1268
2247,2021-02-11,Namur,99,38738,90,37461,0,0,1277
2248,2021-02-12,Namur,98,38836,104,37565,0,0,1271
2249,2021-02-13,Namur,66,38902,82,37647,0,0,1255
2250,2021-02-14,Namur,10,38912,22,37669,0,0,1243
2251,2021-02-15,Namur,134,39046,108,37777,0,0,1269
2252,2021-02-16,Namur,91,39137,124,37901,0,0,1236
2253,2021-02-17,Namur,117,39254,118,38019,0,0,1235
2254,2021-02-18,Namur,153,39407,121,38140,0,0,1267
2255,2021-02-19,Namur,155,39562,148,38288,0,0,1274
2256,2021-02-20,Namur,78,39640,60,38348,0,0,1292
2257,2021-02-21,Namur,33,39673,20,38368,0,0,1305
2258,2021-02-22,Namur,163,39836,113,38481,0,0,1355
2259,2021-02-23,Namur,135,39971,68,38549,0,0,1422
2260,2021-02-24,Namur,127,40098,90,38639,0,0,1459
2261,2021-02-25,Namur,140,40238,99,38738,0,0,1500
2262,2021-02-26,Namur,144,40382,98,38836,0,0,1546
2263,2021-02-27,Namur,71,40453,66,38902,0,0,1551
2264,2021-02-28,Namur,22,40475,10,38912,0,0,1563
2265,2021-03-01,Namur,149,40624,134,39046,0,0,1578
2266,2021-03-02,Namur,172,40796,91,39137,0,0,1659
2267,2021-03-03,Namur,178,40974,117,39254,0,0,1720
2268,2021-03-04,Namur,161,41135,153,39407,0,0,1728
2269,2021-03-05,Namur,215,41350,155,39562,0,0,1788
2270,2021-03-06,Namur,112,41462,78,39640,0,0,1822
2271,2021-03-07,Namur,40,41502,33,39673,0,0,1829
2272,2021-03-08,Namur,225,41727,163,39836,0,0,1891
2273,2021-03-09,Namur,210,41937,135,39971,0,0,1966
2274,2021-03-10,Namur,224,42161,127,40098,0,0,2063
2275,2021-03-11,Namur,222,42383,140,40238,0,0,2145
2276,2021-03-12,Namur,265,42648,144,40382,0,0,2266
2277,2021-03-13,Namur,150,42798,71,40453,0,0,2345
2278,2021-03-14,Namur,51,42849,22,40475,0,0,2374
2279,2021-03-15,Namur,365,43214,149,40624,0,0,2590
2280,2021-03-16,Namur,306,43520,172,40796,0,0,2724
2281,2021-03-17,Namur,313,43833,178,40974,0,0,2859
2282,2021-03-18,Namur,414,44247,161,41135,0,0,3112
2283,2021-03-19,Namur,421,44668,215,41350,0,0,3318
2284,2021-03-20,Namur,304,44972,112,41462,0,0,3510
2285,2021-03-21,Namur,97,45069,40,41502,0,0,3567
2286,2021-03-22,Namur,401,45470,225,41727,0,0,3743
2287,2021-03-23,Namur,542,46012,210,41937,0,0,4075
2288,2021-03-24,Namur,356,46368,224,42161,0,0,4207
2289,2021-03-25,Namur,491,46859,222,42383,0,0,4476
2290,2021-03-26,Namur,424,47283,265,42648,0,0,4635
2291,2021-03-27,Namur,238,47521,150,42798,0,0,4723
2292,2021-03-28,Namur,111,47632,51,42849,0,0,4783
2293,2021-03-29,Namur,411,48043,365,43214,0,0,4829
2294,2021-03-30,Namur,439,48482,306,43520,0,0,4962
2295,2021-03-31,Namur,340,48822,313,43833,0,0,4989
2296,2021-04-01,Namur,352,49174,414,44247,0,0,4927
2297,2021-04-02,Namur,343,49517,421,44668,0,0,4849
2298,2021-04-03,Namur,200,49717,304,44972,0,0,4745
2299,2021-04-04,Namur,94,49811,97,45069,0,0,4742
2300,2021-04-05,Namur,64,49875,401,45470,0,0,4405
2301,2021-04-06,Namur,372,50247,542,46012,0,0,4235
2302,2021-04-07,Namur,321,50568,356,46368,0,0,4200
2303,2021-04-08,Namur,262,50830,491,46859,0,0,3971
2304,2021-04-09,Namur,278,51108,424,47283,0,0,3825
2305,2021-04-10,Namur,186,51294,238,47521,0,0,3773
2306,2021-04-11,Namur,63,51357,111,47632,0,0,3725
2307,2021-04-12,Namur,256,51613,411,48043,0,0,3570
2308,2021-04-13,Namur,281,51894,439,48482,0,0,3412
2309,2021-04-14,Namur,239,52133,340,48822,0,0,3311
2310,2021-04-15,Namur,258,52391,352,49174,0,0,3217
2311,2021-04-16,Namur,227,52618,343,49517,0,0,3101
2312,2021-04-17,Namur,150,52768,200,49717,0,0,3051
2313,2021-04-18,Namur,81,52849,94,49811,0,0,3038
2314,2021-04-19,Namur,294,53143,64,49875,0,0,3268
2315,2021-04-20,Namur,239,53382,372,50247,0,0,3135
2316,2021-04-21,Namur,233,53615,321,50568,0,0,3047
2317,2021-04-22,Namur,271,53886,262,50830,0,0,3056
2318,2021-04-23,Namur,234,54120,278,51108,0,0,3012
2319,2021-04-24,Namur,133,54253,186,51294,0,0,2959
2320,2021-04-25,Namur,68,54321,63,51357,0,0,2964
2321,2021-04-26,Namur,247,54568,256,51613,0,0,2955
2322,2021-04-27,Namur,232,54800,281,51894,0,0,2906
2323,2021-04-28,Namur,209,55009,239,52133,0,0,2876
2324,2021-04-29,Namur,199,55208,258,52391,0,0,2817
2325,2021-04-30,Namur,214,55422,227,52618,0,0,2804
2326,2021-05-01,Namur,93,55515,150,52768,0,0,2747
2327,2021-05-02,Namur,46,55561,81,52849,0,0,2712
2328,2021-05-03,Namur,216,55777,294,53143,0,0,2634
2329,2021-05-04,Namur,219,55996,239,53382,0,0,2614
2330,2021-05-05,Namur,228,56224,233,53615,0,0,2609
2331,2021-05-06,Namur,211,56435,271,53886,0,0,2549
2332,2021-05-07,Namur,183,56618,234,54120,0,0,2498
2333,2021-05-08,Namur,82,56700,133,54253,0,0,2447
2334,2021-05-09,Namur,42,56742,68,54321,0,0,2421
2335,2021-05-10,Namur,165,56907,247,54568,0,0,2339
2336,2021-05-11,Namur,162,57069,232,54800,0,0,2269
2337,2021-05-12,Namur,134,57203,209,55009,0,0,2194
2338,2021-05-13,Namur,39,57242,199,55208,0,0,2034
2339,2021-05-14,Namur,156,57398,214,55422,0,0,1976
2340,2021-05-15,Namur,49,57447,93,55515,0,0,1932
2341,2021-05-16,Namur,20,57467,46,55561,0,0,1906
2342,2021-05-17,Namur,160,57627,216,55777,0,0,1850
2343,2021-05-18,Namur,139,57766,219,55996,0,0,1770
2344,2021-05-19,Namur,136,57902,228,56224,0,0,1678
2345,2021-05-20,Namur,97,57999,211,56435,0,0,1564
2346,2021-05-21,Namur,96,58095,183,56618,0,0,1477
2347,2021-05-22,Namur,62,58157,82,56700,0,0,1457
2348,2021-05-23,Namur,46,58203,42,56742,0,0,1461
2349,2021-05-24,Namur,23,58226,165,56907,0,0,1319
2350,2021-05-25,Namur,103,58329,162,57069,0,0,1260
2351,2021-05-26,Namur,77,58406,134,57203,0,0,1203
2352,2021-05-27,Namur,88,58494,39,57242,0,0,1252
2353,2021-05-28,Namur,72,58566,156,57398,0,0,1168
2354,2021-05-29,Namur,44,58610,49,57447,0,0,1163
2355,2021-05-30,Namur,15,58625,0,57447,0,0,1178
2356,2021-05-31,Namur,83,58708,0,57447,0,0,1261
2357,2021-06-01,Namur,65,58773,0,57447,0,0,1326
2358,2021-06-02,Namur,65,58838,0,57447,0,0,1391
2359,2021-06-03,Namur,39,58877,0,57447,0,0,1430
2360,2021-06-04,Namur,35,58912,0,57447,0,0,1465
2361,2021-06-05,Namur,14,58926,0,57447,0,0,1479
2362,2021-06-06,Namur,11,58937,0,57447,0,0,1490
2363,2021-06-07,Namur,32,58969,0,57447,0,0,1522
2364,2021-06-08,Namur,39,59008,0,57447,0,0,1561
2365,2021-06-09,Namur,25,59033,0,57447,0,0,1586
2366,2021-06-10,Namur,21,59054,0,57447,0,0,1607
2367,2021-06-11,Namur,25,59079,0,57447,0,0,1632
2368,2021-06-12,Namur,11,59090,0,57447,0,0,1643
2369,2021-06-13,Namur,1,59091,0,57447,0,0,1644
2370,2021-06-14,Namur,18,59109,0,57447,0,0,1662
2371,2021-06-15,Namur,12,59121,0,57447,0,0,1674
2372,2021-06-16,Namur,10,59131,0,57447,0,0,1684
2373,2021-06-17,Namur,0,59131,0,57447,0,0,1684
2374,2021-06-18,Namur,0,59131,0,57447,0,0,1684
2375,2020-03-01,Luxembourg,0,0,0,0,0,0,0
2376,2020-03-02,Luxembourg,0,0,0,0,0,0,0
2377,2020-03-03,Luxembourg,0,0,0,0,0,0,0
2378,2020-03-04,Luxembourg,0,0,0,0,0,0,0
2379,2020-03-05,Luxembourg,0,0,0,0,0,0,0
2380,2020-03-06,Luxembourg,1,1,0,0,0,0,1
2381,2020-03-07,Luxembourg,0,1,0,0,0,0,1
2382,2020-03-08,Luxembourg,1,2,0,0,0,0,2
2383,2020-03-09,Luxembourg,0,2,0,0,0,0,2
2384,2020-03-10,Luxembourg,2,4,0,0,0,0,4
2385,2020-03-11,Luxembourg,2,6,0,0,0,0,6
2386,2020-03-12,Luxembourg,3,9,0,0,0,0,9
2387,2020-03-13,Luxembourg,7,16,0,0,0,0,16
2388,2020-03-14,Luxembourg,1,17,0,0,0,0,17
2389,2020-03-15,Luxembourg,1,18,0,0,0,0,18
2390,2020-03-16,Luxembourg,5,23,0,0,0,0,23
2391,2020-03-17,Luxembourg,3,26,0,0,0,0,26
2392,2020-03-18,Luxembourg,15,41,0,0,0,0,41
2393,2020-03-19,Luxembourg,46,87,0,0,0,0,87
2394,2020-03-20,Luxembourg,3,90,1,1,0,0,89
2395,2020-03-21,Luxembourg,8,98,0,1,0,0,97
2396,2020-03-22,Luxembourg,12,110,1,2,0,0,108
2397,2020-03-23,Luxembourg,44,154,0,2,0,0,152
2398,2020-03-24,Luxembourg,23,177,2,4,0,0,173
2399,2020-03-25,Luxembourg,17,194,2,6,0,0,188
2400,2020-03-26,Luxembourg,45,239,3,9,0,0,230
2401,2020-03-27,Luxembourg,34,273,7,16,0,0,257
2402,2020-03-28,Luxembourg,26,299,1,17,0,0,282
2403,2020-03-29,Luxembourg,14,313,1,18,0,0,295
2404,2020-03-30,Luxembourg,56,369,5,23,0,0,346
2405,2020-03-31,Luxembourg,89,458,3,26,0,0,432
2406,2020-04-01,Luxembourg,99,557,15,41,0,0,516
2407,2020-04-02,Luxembourg,62,619,46,87,0,0,532
2408,2020-04-03,Luxembourg,57,676,3,90,0,0,586
2409,2020-04-04,Luxembourg,14,690,8,98,0,0,592
2410,2020-04-05,Luxembourg,12,702,12,110,0,0,592
2411,2020-04-06,Luxembourg,51,753,44,154,0,0,599
2412,2020-04-07,Luxembourg,48,801,23,177,0,0,624
2413,2020-04-08,Luxembourg,37,838,17,194,0,0,644
2414,2020-04-09,Luxembourg,39,877,45,239,0,0,638
2415,2020-04-10,Luxembourg,25,902,34,273,0,0,629
2416,2020-04-11,Luxembourg,17,919,26,299,0,0,620
2417,2020-04-12,Luxembourg,5,924,14,313,0,0,611
2418,2020-04-13,Luxembourg,4,928,56,369,0,0,559
2419,2020-04-14,Luxembourg,58,986,89,458,0,0,528
2420,2020-04-15,Luxembourg,38,1024,99,557,0,0,467
2421,2020-04-16,Luxembourg,102,1126,62,619,0,0,507
2422,2020-04-17,Luxembourg,23,1149,57,676,0,0,473
2423,2020-04-18,Luxembourg,6,1155,14,690,0,0,465
2424,2020-04-19,Luxembourg,8,1163,12,702,0,0,461
2425,2020-04-20,Luxembourg,11,1174,51,753,0,0,421
2426,2020-04-21,Luxembourg,25,1199,48,801,0,0,398
2427,2020-04-22,Luxembourg,15,1214,37,838,0,0,376
2428,2020-04-23,Luxembourg,16,1230,39,877,0,0,353
2429,2020-04-24,Luxembourg,7,1237,25,902,0,0,335
2430,2020-04-25,Luxembourg,4,1241,17,919,0,0,322
2431,2020-04-26,Luxembourg,2,1243,5,924,0,0,319
2432,2020-04-27,Luxembourg,12,1255,4,928,0,0,327
2433,2020-04-28,Luxembourg,5,1260,58,986,0,0,274
2434,2020-04-29,Luxembourg,10,1270,38,1024,0,0,246
2435,2020-04-30,Luxembourg,2,1272,102,1126,0,0,146
2436,2020-05-01,Luxembourg,9,1281,23,1149,0,0,132
2437,2020-05-02,Luxembourg,4,1285,6,1155,0,0,130
2438,2020-05-03,Luxembourg,0,1285,8,1163,0,0,122
2439,2020-05-04,Luxembourg,7,1292,11,1174,0,0,118
2440,2020-05-05,Luxembourg,5,1297,25,1199,0,0,98
2441,2020-05-06,Luxembourg,8,1305,15,1214,0,0,91
2442,2020-05-07,Luxembourg,8,1313,16,1230,0,0,83
2443,2020-05-08,Luxembourg,13,1326,7,1237,0,0,89
2444,2020-05-09,Luxembourg,4,1330,4,1241,0,0,89
2445,2020-05-10,Luxembourg,0,1330,2,1243,0,0,87
2446,2020-05-11,Luxembourg,7,1337,12,1255,0,0,82
2447,2020-05-12,Luxembourg,6,1343,5,1260,0,0,83
2448,2020-05-13,Luxembourg,5,1348,10,1270,0,0,78
2449,2020-05-14,Luxembourg,4,1352,2,1272,0,0,80
2450,2020-05-15,Luxembourg,3,1355,9,1281,0,0,74
2451,2020-05-16,Luxembourg,2,1357,4,1285,0,0,72
2452,2020-05-17,Luxembourg,0,1357,0,1285,0,0,72
2453,2020-05-18,Luxembourg,3,1360,7,1292,0,0,68
2454,2020-05-19,Luxembourg,6,1366,5,1297,0,0,69
2455,2020-05-20,Luxembourg,6,1372,8,1305,0,0,67
2456,2020-05-21,Luxembourg,0,1372,8,1313,0,0,59
2457,2020-05-22,Luxembourg,1,1373,13,1326,0,0,47
2458,2020-05-23,Luxembourg,0,1373,4,1330,0,0,43
2459,2020-05-24,Luxembourg,1,1374,0,1330,0,0,44
2460,2020-05-25,Luxembourg,0,1374,7,1337,0,0,37
2461,2020-05-26,Luxembourg,8,1382,6,1343,0,0,39
2462,2020-05-27,Luxembourg,1,1383,5,1348,0,0,35
2463,2020-05-28,Luxembourg,2,1385,4,1352,0,0,33
2464,2020-05-29,Luxembourg,7,1392,3,1355,0,0,37
2465,2020-05-30,Luxembourg,1,1393,2,1357,0,0,36
2466,2020-05-31,Luxembourg,3,1396,0,1357,0,0,39
2467,2020-06-01,Luxembourg,1,1397,3,1360,0,0,37
2468,2020-06-02,Luxembourg,5,1402,6,1366,0,0,36
2469,2020-06-03,Luxembourg,1,1403,6,1372,0,0,31
2470,2020-06-04,Luxembourg,1,1404,0,1372,0,0,32
2471,2020-06-05,Luxembourg,2,1406,1,1373,0,0,33
2472,2020-06-06,Luxembourg,1,1407,0,1373,0,0,34
2473,2020-06-07,Luxembourg,0,1407,1,1374,0,0,33
2474,2020-06-08,Luxembourg,3,1410,0,1374,0,0,36
2475,2020-06-09,Luxembourg,8,1418,8,1382,0,0,36
2476,2020-06-10,Luxembourg,1,1419,1,1383,0,0,36
2477,2020-06-11,Luxembourg,1,1420,2,1385,0,0,35
2478,2020-06-12,Luxembourg,1,1421,7,1392,0,0,29
2479,2020-06-13,Luxembourg,2,1423,1,1393,0,0,30
2480,2020-06-14,Luxembourg,0,1423,3,1396,0,0,27
2481,2020-06-15,Luxembourg,2,1425,1,1397,0,0,28
2482,2020-06-16,Luxembourg,2,1427,5,1402,0,0,25
2483,2020-06-17,Luxembourg,0,1427,1,1403,0,0,24
2484,2020-06-18,Luxembourg,3,1430,1,1404,0,0,26
2485,2020-06-19,Luxembourg,5,1435,2,1406,0,0,29
2486,2020-06-20,Luxembourg,3,1438,1,1407,0,0,31
2487,2020-06-21,Luxembourg,2,1440,0,1407,0,0,33
2488,2020-06-22,Luxembourg,6,1446,3,1410,0,0,36
2489,2020-06-23,Luxembourg,5,1451,8,1418,0,0,33
2490,2020-06-24,Luxembourg,3,1454,1,1419,0,0,35
2491,2020-06-25,Luxembourg,3,1457,1,1420,0,0,37
2492,2020-06-26,Luxembourg,0,1457,1,1421,0,0,36
2493,2020-06-27,Luxembourg,2,1459,2,1423,0,0,36
2494,2020-06-28,Luxembourg,1,1460,0,1423,0,0,37
2495,2020-06-29,Luxembourg,3,1463,2,1425,0,0,38
2496,2020-06-30,Luxembourg,2,1465,2,1427,0,0,38
2497,2020-07-01,Luxembourg,1,1466,0,1427,0,0,39
2498,2020-07-02,Luxembourg,2,1468,3,1430,0,0,38
2499,2020-07-03,Luxembourg,0,1468,5,1435,0,0,33
2500,2020-07-04,Luxembourg,3,1471,3,1438,0,0,33
2501,2020-07-05,Luxembourg,1,1472,2,1440,0,0,32
2502,2020-07-06,Luxembourg,3,1475,6,1446,0,0,29
2503,2020-07-07,Luxembourg,6,1481,5,1451,0,0,30
2504,2020-07-08,Luxembourg,3,1484,3,1454,0,0,30
2505,2020-07-09,Luxembourg,3,1487,3,1457,0,0,30
2506,2020-07-10,Luxembourg,6,1493,0,1457,0,0,36
2507,2020-07-11,Luxembourg,1,1494,2,1459,0,0,35
2508,2020-07-12,Luxembourg,1,1495,1,1460,0,0,35
2509,2020-07-13,Luxembourg,2,1497,3,1463,0,0,34
2510,2020-07-14,Luxembourg,5,1502,2,1465,0,0,37
2511,2020-07-15,Luxembourg,20,1522,1,1466,0,0,56
2512,2020-07-16,Luxembourg,10,1532,2,1468,0,0,64
2513,2020-07-17,Luxembourg,12,1544,0,1468,0,0,76
2514,2020-07-18,Luxembourg,4,1548,3,1471,0,0,77
2515,2020-07-19,Luxembourg,1,1549,1,1472,0,0,77
2516,2020-07-20,Luxembourg,8,1557,3,1475,0,0,82
2517,2020-07-21,Luxembourg,2,1559,6,1481,0,0,78
2518,2020-07-22,Luxembourg,5,1564,3,1484,0,0,80
2519,2020-07-23,Luxembourg,4,1568,3,1487,0,0,81
2520,2020-07-24,Luxembourg,7,1575,6,1493,0,0,82
2521,2020-07-25,Luxembourg,6,1581,1,1494,0,0,87
2522,2020-07-26,Luxembourg,1,1582,1,1495,0,0,87
2523,2020-07-27,Luxembourg,2,1584,2,1497,0,0,87
2524,2020-07-28,Luxembourg,14,1598,5,1502,0,0,96
2525,2020-07-29,Luxembourg,9,1607,20,1522,0,0,85
2526,2020-07-30,Luxembourg,9,1616,10,1532,0,0,84
2527,2020-07-31,Luxembourg,13,1629,12,1544,0,0,85
2528,2020-08-01,Luxembourg,4,1633,4,1548,0,0,85
2529,2020-08-02,Luxembourg,3,1636,1,1549,0,0,87
2530,2020-08-03,Luxembourg,7,1643,8,1557,0,0,86
2531,2020-08-04,Luxembourg,9,1652,2,1559,0,0,93
2532,2020-08-05,Luxembourg,8,1660,5,1564,0,0,96
2533,2020-08-06,Luxembourg,8,1668,4,1568,0,0,100
2534,2020-08-07,Luxembourg,8,1676,7,1575,0,0,101
2535,2020-08-08,Luxembourg,12,1688,6,1581,0,0,107
2536,2020-08-09,Luxembourg,5,1693,1,1582,0,0,111
2537,2020-08-10,Luxembourg,7,1700,2,1584,0,0,116
2538,2020-08-11,Luxembourg,23,1723,14,1598,0,0,125
2539,2020-08-12,Luxembourg,9,1732,9,1607,0,0,125
2540,2020-08-13,Luxembourg,8,1740,9,1616,0,0,124
2541,2020-08-14,Luxembourg,5,1745,13,1629,0,0,116
2542,2020-08-15,Luxembourg,0,1745,4,1633,0,0,112
2543,2020-08-16,Luxembourg,1,1746,3,1636,0,0,110
2544,2020-08-17,Luxembourg,9,1755,7,1643,0,0,112
2545,2020-08-18,Luxembourg,13,1768,9,1652,0,0,116
2546,2020-08-19,Luxembourg,11,1779,8,1660,0,0,119
2547,2020-08-20,Luxembourg,9,1788,8,1668,0,0,120
2548,2020-08-21,Luxembourg,4,1792,8,1676,0,0,116
2549,2020-08-22,Luxembourg,5,1797,12,1688,0,0,109
2550,2020-08-23,Luxembourg,0,1797,5,1693,0,0,104
2551,2020-08-24,Luxembourg,2,1799,7,1700,0,0,99
2552,2020-08-25,Luxembourg,8,1807,23,1723,0,0,84
2553,2020-08-26,Luxembourg,2,1809,9,1732,0,0,77
2554,2020-08-27,Luxembourg,9,1818,8,1740,0,0,78
2555,2020-08-28,Luxembourg,19,1837,5,1745,0,0,92
2556,2020-08-29,Luxembourg,3,1840,0,1745,0,0,95
2557,2020-08-30,Luxembourg,2,1842,1,1746,0,0,96
2558,2020-08-31,Luxembourg,3,1845,9,1755,0,0,90
2559,2020-09-01,Luxembourg,11,1856,13,1768,0,0,88
2560,2020-09-02,Luxembourg,4,1860,11,1779,0,0,81
2561,2020-09-03,Luxembourg,8,1868,9,1788,0,0,80
2562,2020-09-04,Luxembourg,12,1880,4,1792,0,0,88
2563,2020-09-05,Luxembourg,6,1886,5,1797,0,0,89
2564,2020-09-06,Luxembourg,3,1889,0,1797,0,0,92
2565,2020-09-07,Luxembourg,9,1898,2,1799,0,0,99
2566,2020-09-08,Luxembourg,14,1912,8,1807,0,0,105
2567,2020-09-09,Luxembourg,14,1926,2,1809,0,0,117
2568,2020-09-10,Luxembourg,19,1945,9,1818,0,0,127
2569,2020-09-11,Luxembourg,20,1965,19,1837,0,0,128
2570,2020-09-12,Luxembourg,13,1978,3,1840,0,0,138
2571,2020-09-13,Luxembourg,3,1981,2,1842,0,0,139
2572,2020-09-14,Luxembourg,32,2013,3,1845,0,0,168
2573,2020-09-15,Luxembourg,23,2036,11,1856,0,0,180
2574,2020-09-16,Luxembourg,31,2067,4,1860,0,0,207
2575,2020-09-17,Luxembourg,27,2094,8,1868,0,0,226
2576,2020-09-18,Luxembourg,31,2125,12,1880,0,0,245
2577,2020-09-19,Luxembourg,24,2149,6,1886,0,0,263
2578,2020-09-20,Luxembourg,1,2150,3,1889,0,0,261
2579,2020-09-21,Luxembourg,25,2175,9,1898,0,0,277
2580,2020-09-22,Luxembourg,43,2218,14,1912,0,0,306
2581,2020-09-23,Luxembourg,68,2286,14,1926,0,0,360
2582,2020-09-24,Luxembourg,19,2305,19,1945,0,0,360
2583,2020-09-25,Luxembourg,25,2330,20,1965,0,0,365
2584,2020-09-26,Luxembourg,22,2352,13,1978,0,0,374
2585,2020-09-27,Luxembourg,19,2371,3,1981,0,0,390
2586,2020-09-28,Luxembourg,73,2444,32,2013,0,0,431
2587,2020-09-29,Luxembourg,59,2503,23,2036,0,0,467
2588,2020-09-30,Luxembourg,76,2579,31,2067,0,0,512
2589,2020-10-01,Luxembourg,86,2665,27,2094,0,0,571
2590,2020-10-02,Luxembourg,108,2773,31,2125,0,0,648
2591,2020-10-03,Luxembourg,50,2823,24,2149,0,0,674
2592,2020-10-04,Luxembourg,23,2846,1,2150,0,0,696
2593,2020-10-05,Luxembourg,163,3009,25,2175,0,0,834
2594,2020-10-06,Luxembourg,193,3202,43,2218,0,0,984
2595,2020-10-07,Luxembourg,210,3412,68,2286,0,0,1126
2596,2020-10-08,Luxembourg,283,3695,19,2305,0,0,1390
2597,2020-10-09,Luxembourg,263,3958,25,2330,0,0,1628
2598,2020-10-10,Luxembourg,92,4050,22,2352,0,0,1698
2599,2020-10-11,Luxembourg,103,4153,19,2371,0,0,1782
2600,2020-10-12,Luxembourg,296,4449,73,2444,0,0,2005
2601,2020-10-13,Luxembourg,308,4757,59,2503,0,0,2254
2602,2020-10-14,Luxembourg,348,5105,76,2579,0,0,2526
2603,2020-10-15,Luxembourg,310,5415,86,2665,0,0,2750
2604,2020-10-16,Luxembourg,377,5792,108,2773,0,0,3019
2605,2020-10-17,Luxembourg,160,5952,50,2823,0,0,3129
2606,2020-10-18,Luxembourg,123,6075,23,2846,0,0,3229
2607,2020-10-19,Luxembourg,443,6518,163,3009,0,0,3509
2608,2020-10-20,Luxembourg,514,7032,193,3202,0,0,3830
2609,2020-10-21,Luxembourg,562,7594,210,3412,0,0,4182
2610,2020-10-22,Luxembourg,488,8082,283,3695,0,0,4387
2611,2020-10-23,Luxembourg,568,8650,263,3958,0,0,4692
2612,2020-10-24,Luxembourg,318,8968,92,4050,0,0,4918
2613,2020-10-25,Luxembourg,129,9097,103,4153,0,0,4944
2614,2020-10-26,Luxembourg,618,9715,296,4449,0,0,5266
2615,2020-10-27,Luxembourg,650,10365,308,4757,0,0,5608
2616,2020-10-28,Luxembourg,504,10869,348,5105,0,0,5764
2617,2020-10-29,Luxembourg,506,11375,310,5415,0,0,5960
2618,2020-10-30,Luxembourg,511,11886,377,5792,0,0,6094
2619,2020-10-31,Luxembourg,149,12035,160,5952,0,0,6083
2620,2020-11-01,Luxembourg,97,12132,123,6075,0,0,6057
2621,2020-11-02,Luxembourg,416,12548,443,6518,0,0,6030
2622,2020-11-03,Luxembourg,407,12955,514,7032,0,0,5923
2623,2020-11-04,Luxembourg,290,13245,562,7594,0,0,5651
2624,2020-11-05,Luxembourg,188,13433,488,8082,0,0,5351
2625,2020-11-06,Luxembourg,267,13700,568,8650,0,0,5050
2626,2020-11-07,Luxembourg,105,13805,318,8968,0,0,4837
2627,2020-11-08,Luxembourg,48,13853,129,9097,0,0,4756
2628,2020-11-09,Luxembourg,272,14125,618,9715,0,0,4410
2629,2020-11-10,Luxembourg,287,14412,650,10365,0,0,4047
2630,2020-11-11,Luxembourg,56,14468,504,10869,0,0,3599
2631,2020-11-12,Luxembourg,253,14721,506,11375,0,0,3346
2632,2020-11-13,Luxembourg,142,14863,511,11886,0,0,2977
2633,2020-11-14,Luxembourg,111,14974,149,12035,0,0,2939
2634,2020-11-15,Luxembourg,32,15006,97,12132,0,0,2874
2635,2020-11-16,Luxembourg,189,15195,416,12548,0,0,2647
2636,2020-11-17,Luxembourg,172,15367,407,12955,0,0,2412
2637,2020-11-18,Luxembourg,85,15452,290,13245,0,0,2207
2638,2020-11-19,Luxembourg,114,15566,188,13433,0,0,2133
2639,2020-11-20,Luxembourg,76,15642,267,13700,0,0,1942
2640,2020-11-21,Luxembourg,45,15687,105,13805,0,0,1882
2641,2020-11-22,Luxembourg,23,15710,48,13853,0,0,1857
2642,2020-11-23,Luxembourg,114,15824,272,14125,0,0,1699
2643,2020-11-24,Luxembourg,116,15940,287,14412,0,0,1528
2644,2020-11-25,Luxembourg,76,16016,56,14468,0,0,1548
2645,2020-11-26,Luxembourg,72,16088,253,14721,0,0,1367
2646,2020-11-27,Luxembourg,110,16198,142,14863,0,0,1335
2647,2020-11-28,Luxembourg,51,16249,111,14974,0,0,1275
2648,2020-11-29,Luxembourg,30,16279,32,15006,0,0,1273
2649,2020-11-30,Luxembourg,122,16401,189,15195,0,0,1206
2650,2020-12-01,Luxembourg,103,16504,172,15367,0,0,1137
2651,2020-12-02,Luxembourg,103,16607,85,15452,0,0,1155
2652,2020-12-03,Luxembourg,104,16711,114,15566,0,0,1145
2653,2020-12-04,Luxembourg,80,16791,76,15642,0,0,1149
2654,2020-12-05,Luxembourg,37,16828,45,15687,0,0,1141
2655,2020-12-06,Luxembourg,25,16853,23,15710,0,0,1143
2656,2020-12-07,Luxembourg,98,16951,114,15824,0,0,1127
2657,2020-12-08,Luxembourg,101,17052,116,15940,0,0,1112
2658,2020-12-09,Luxembourg,111,17163,76,16016,0,0,1147
2659,2020-12-10,Luxembourg,74,17237,72,16088,0,0,1149
2660,2020-12-11,Luxembourg,85,17322,110,16198,0,0,1124
2661,2020-12-12,Luxembourg,21,17343,51,16249,0,0,1094
2662,2020-12-13,Luxembourg,18,17361,30,16279,0,0,1082
2663,2020-12-14,Luxembourg,116,17477,122,16401,0,0,1076
2664,2020-12-15,Luxembourg,100,17577,103,16504,0,0,1073
2665,2020-12-16,Luxembourg,95,17672,103,16607,0,0,1065
2666,2020-12-17,Luxembourg,89,17761,104,16711,0,0,1050
2667,2020-12-18,Luxembourg,63,17824,80,16791,0,0,1033
2668,2020-12-19,Luxembourg,16,17840,37,16828,0,0,1012
2669,2020-12-20,Luxembourg,18,17858,25,16853,0,0,1005
2670,2020-12-21,Luxembourg,76,17934,98,16951,0,0,983
2671,2020-12-22,Luxembourg,68,18002,101,17052,0,0,950
2672,2020-12-23,Luxembourg,86,18088,111,17163,0,0,925
2673,2020-12-24,Luxembourg,46,18134,74,17237,0,0,897
2674,2020-12-25,Luxembourg,20,18154,85,17322,0,0,832
2675,2020-12-26,Luxembourg,28,18182,21,17343,0,0,839
2676,2020-12-27,Luxembourg,22,18204,18,17361,0,0,843
2677,2020-12-28,Luxembourg,84,18288,116,17477,0,0,811
2678,2020-12-29,Luxembourg,61,18349,100,17577,0,0,772
2679,2020-12-30,Luxembourg,59,18408,95,17672,0,0,736
2680,2020-12-31,Luxembourg,58,18466,89,17761,0,0,705
2681,2021-01-01,Luxembourg,34,18500,63,17824,0,0,676
2682,2021-01-02,Luxembourg,19,18519,16,17840,0,0,679
2683,2021-01-03,Luxembourg,23,18542,18,17858,0,0,684
2684,2021-01-04,Luxembourg,65,18607,76,17934,0,0,673
2685,2021-01-05,Luxembourg,107,18714,68,18002,0,0,712
2686,2021-01-06,Luxembourg,80,18794,86,18088,0,0,706
2687,2021-01-07,Luxembourg,39,18833,46,18134,0,0,699
2688,2021-01-08,Luxembourg,46,18879,20,18154,0,0,725
2689,2021-01-09,Luxembourg,38,18917,28,18182,0,0,735
2690,2021-01-10,Luxembourg,17,18934,22,18204,0,0,730
2691,2021-01-11,Luxembourg,114,19048,84,18288,0,0,760
2692,2021-01-12,Luxembourg,54,19102,61,18349,0,0,753
2693,2021-01-13,Luxembourg,42,19144,59,18408,0,0,736
2694,2021-01-14,Luxembourg,41,19185,58,18466,0,0,719
2695,2021-01-15,Luxembourg,36,19221,34,18500,0,0,721
2696,2021-01-16,Luxembourg,20,19241,19,18519,0,0,722
2697,2021-01-17,Luxembourg,10,19251,23,18542,0,0,709
2698,2021-01-18,Luxembourg,82,19333,65,18607,0,0,726
2699,2021-01-19,Luxembourg,45,19378,107,18714,0,0,664
2700,2021-01-20,Luxembourg,44,19422,80,18794,0,0,628
2701,2021-01-21,Luxembourg,54,19476,39,18833,0,0,643
2702,2021-01-22,Luxembourg,55,19531,46,18879,0,0,652
2703,2021-01-23,Luxembourg,48,19579,38,18917,0,0,662
2704,2021-01-24,Luxembourg,34,19613,17,18934,0,0,679
2705,2021-01-25,Luxembourg,77,19690,114,19048,0,0,642
2706,2021-01-26,Luxembourg,66,19756,54,19102,0,0,654
2707,2021-01-27,Luxembourg,72,19828,42,19144,0,0,684
2708,2021-01-28,Luxembourg,79,19907,41,19185,0,0,722
2709,2021-01-29,Luxembourg,91,19998,36,19221,0,0,777
2710,2021-01-30,Luxembourg,62,20060,20,19241,0,0,819
2711,2021-01-31,Luxembourg,24,20084,10,19251,0,0,833
2712,2021-02-01,Luxembourg,83,20167,82,19333,0,0,834
2713,2021-02-02,Luxembourg,59,20226,45,19378,0,0,848
2714,2021-02-03,Luxembourg,60,20286,44,19422,0,0,864
2715,2021-02-04,Luxembourg,68,20354,54,19476,0,0,878
2716,2021-02-05,Luxembourg,70,20424,55,19531,0,0,893
2717,2021-02-06,Luxembourg,52,20476,48,19579,0,0,897
2718,2021-02-07,Luxembourg,25,20501,34,19613,0,0,888
2719,2021-02-08,Luxembourg,71,20572,77,19690,0,0,882
2720,2021-02-09,Luxembourg,65,20637,66,19756,0,0,881
2721,2021-02-10,Luxembourg,93,20730,72,19828,0,0,902
2722,2021-02-11,Luxembourg,60,20790,79,19907,0,0,883
2723,2021-02-12,Luxembourg,51,20841,91,19998,0,0,843
2724,2021-02-13,Luxembourg,53,20894,62,20060,0,0,834
2725,2021-02-14,Luxembourg,28,20922,24,20084,0,0,838
2726,2021-02-15,Luxembourg,69,20991,83,20167,0,0,824
2727,2021-02-16,Luxembourg,93,21084,59,20226,0,0,858
2728,2021-02-17,Luxembourg,77,21161,60,20286,0,0,875
2729,2021-02-18,Luxembourg,90,21251,68,20354,0,0,897
2730,2021-02-19,Luxembourg,114,21365,70,20424,0,0,941
2731,2021-02-20,Luxembourg,45,21410,52,20476,0,0,934
2732,2021-02-21,Luxembourg,35,21445,25,20501,0,0,944
2733,2021-02-22,Luxembourg,102,21547,71,20572,0,0,975
2734,2021-02-23,Luxembourg,100,21647,65,20637,0,0,1010
2735,2021-02-24,Luxembourg,79,21726,93,20730,0,0,996
2736,2021-02-25,Luxembourg,77,21803,60,20790,0,0,1013
2737,2021-02-26,Luxembourg,68,21871,51,20841,0,0,1030
2738,2021-02-27,Luxembourg,26,21897,53,20894,0,0,1003
2739,2021-02-28,Luxembourg,7,21904,28,20922,0,0,982
2740,2021-03-01,Luxembourg,70,21974,69,20991,0,0,983
2741,2021-03-02,Luxembourg,82,22056,93,21084,0,0,972
2742,2021-03-03,Luxembourg,61,22117,77,21161,0,0,956
2743,2021-03-04,Luxembourg,86,22203,90,21251,0,0,952
2744,2021-03-05,Luxembourg,70,22273,114,21365,0,0,908
2745,2021-03-06,Luxembourg,24,22297,45,21410,0,0,887
2746,2021-03-07,Luxembourg,17,22314,35,21445,0,0,869
2747,2021-03-08,Luxembourg,75,22389,102,21547,0,0,842
2748,2021-03-09,Luxembourg,90,22479,100,21647,0,0,832
2749,2021-03-10,Luxembourg,97,22576,79,21726,0,0,850
2750,2021-03-11,Luxembourg,103,22679,77,21803,0,0,876
2751,2021-03-12,Luxembourg,120,22799,68,21871,0,0,928
2752,2021-03-13,Luxembourg,56,22855,26,21897,0,0,958
2753,2021-03-14,Luxembourg,36,22891,7,21904,0,0,987
2754,2021-03-15,Luxembourg,136,23027,70,21974,0,0,1053
2755,2021-03-16,Luxembourg,138,23165,82,22056,0,0,1109
2756,2021-03-17,Luxembourg,176,23341,61,22117,0,0,1224
2757,2021-03-18,Luxembourg,128,23469,86,22203,0,0,1266
2758,2021-03-19,Luxembourg,160,23629,70,22273,0,0,1356
2759,2021-03-20,Luxembourg,82,23711,24,22297,0,0,1414
2760,2021-03-21,Luxembourg,53,23764,17,22314,0,0,1450
2761,2021-03-22,Luxembourg,208,23972,75,22389,0,0,1583
2762,2021-03-23,Luxembourg,195,24167,90,22479,0,0,1688
2763,2021-03-24,Luxembourg,159,24326,97,22576,0,0,1750
2764,2021-03-25,Luxembourg,198,24524,103,22679,0,0,1845
2765,2021-03-26,Luxembourg,204,24728,120,22799,0,0,1929
2766,2021-03-27,Luxembourg,107,24835,56,22855,0,0,1980
2767,2021-03-28,Luxembourg,74,24909,36,22891,0,0,2018
2768,2021-03-29,Luxembourg,171,25080,136,23027,0,0,2053
2769,2021-03-30,Luxembourg,225,25305,138,23165,0,0,2140
2770,2021-03-31,Luxembourg,178,25483,176,23341,0,0,2142
2771,2021-04-01,Luxembourg,184,25667,128,23469,0,0,2198
2772,2021-04-02,Luxembourg,252,25919,160,23629,0,0,2290
2773,2021-04-03,Luxembourg,103,26022,82,23711,0,0,2311
2774,2021-04-04,Luxembourg,106,26128,53,23764,0,0,2364
2775,2021-04-05,Luxembourg,53,26181,208,23972,0,0,2209
2776,2021-04-06,Luxembourg,161,26342,195,24167,0,0,2175
2777,2021-04-07,Luxembourg,194,26536,159,24326,0,0,2210
2778,2021-04-08,Luxembourg,197,26733,198,24524,0,0,2209
2779,2021-04-09,Luxembourg,188,26921,204,24728,0,0,2193
2780,2021-04-10,Luxembourg,99,27020,107,24835,0,0,2185
2781,2021-04-11,Luxembourg,60,27080,74,24909,0,0,2171
2782,2021-04-12,Luxembourg,155,27235,171,25080,0,0,2155
2783,2021-04-13,Luxembourg,159,27394,225,25305,0,0,2089
2784,2021-04-14,Luxembourg,134,27528,178,25483,0,0,2045
2785,2021-04-15,Luxembourg,126,27654,184,25667,0,0,1987
2786,2021-04-16,Luxembourg,120,27774,252,25919,0,0,1855
2787,2021-04-17,Luxembourg,75,27849,103,26022,0,0,1827
2788,2021-04-18,Luxembourg,40,27889,106,26128,0,0,1761
2789,2021-04-19,Luxembourg,162,28051,53,26181,0,0,1870
2790,2021-04-20,Luxembourg,107,28158,161,26342,0,0,1816
2791,2021-04-21,Luxembourg,99,28257,194,26536,0,0,1721
2792,2021-04-22,Luxembourg,126,28383,197,26733,0,0,1650
2793,2021-04-23,Luxembourg,121,28504,188,26921,0,0,1583
2794,2021-04-24,Luxembourg,53,28557,99,27020,0,0,1537
2795,2021-04-25,Luxembourg,52,28609,60,27080,0,0,1529
2796,2021-04-26,Luxembourg,118,28727,155,27235,0,0,1492
2797,2021-04-27,Luxembourg,109,28836,159,27394,0,0,1442
2798,2021-04-28,Luxembourg,65,28901,134,27528,0,0,1373
2799,2021-04-29,Luxembourg,81,28982,126,27654,0,0,1328
2800,2021-04-30,Luxembourg,110,29092,120,27774,0,0,1318
2801,2021-05-01,Luxembourg,21,29113,75,27849,0,0,1264
2802,2021-05-02,Luxembourg,20,29133,40,27889,0,0,1244
2803,2021-05-03,Luxembourg,94,29227,162,28051,0,0,1176
2804,2021-05-04,Luxembourg,92,29319,107,28158,0,0,1161
2805,2021-05-05,Luxembourg,108,29427,99,28257,0,0,1170
2806,2021-05-06,Luxembourg,102,29529,126,28383,0,0,1146
2807,2021-05-07,Luxembourg,86,29615,121,28504,0,0,1111
2808,2021-05-08,Luxembourg,58,29673,53,28557,0,0,1116
2809,2021-05-09,Luxembourg,31,29704,52,28609,0,0,1095
2810,2021-05-10,Luxembourg,100,29804,118,28727,0,0,1077
2811,2021-05-11,Luxembourg,75,29879,109,28836,0,0,1043
2812,2021-05-12,Luxembourg,85,29964,65,28901,0,0,1063
2813,2021-05-13,Luxembourg,26,29990,81,28982,0,0,1008
2814,2021-05-14,Luxembourg,78,30068,110,29092,0,0,976
2815,2021-05-15,Luxembourg,37,30105,21,29113,0,0,992
2816,2021-05-16,Luxembourg,37,30142,20,29133,0,0,1009
2817,2021-05-17,Luxembourg,88,30230,94,29227,0,0,1003
2818,2021-05-18,Luxembourg,104,30334,92,29319,0,0,1015
2819,2021-05-19,Luxembourg,87,30421,108,29427,0,0,994
2820,2021-05-20,Luxembourg,53,30474,102,29529,0,0,945
2821,2021-05-21,Luxembourg,72,30546,86,29615,0,0,931
2822,2021-05-22,Luxembourg,37,30583,58,29673,0,0,910
2823,2021-05-23,Luxembourg,29,30612,31,29704,0,0,908
2824,2021-05-24,Luxembourg,18,30630,100,29804,0,0,826
2825,2021-05-25,Luxembourg,72,30702,75,29879,0,0,823
2826,2021-05-26,Luxembourg,72,30774,85,29964,0,0,810
2827,2021-05-27,Luxembourg,59,30833,26,29990,0,0,843
2828,2021-05-28,Luxembourg,39,30872,0,29990,0,0,882
2829,2021-05-29,Luxembourg,25,30897,0,29990,0,0,907
2830,2021-05-30,Luxembourg,14,30911,0,29990,0,0,921
2831,2021-05-31,Luxembourg,41,30952,0,29990,0,0,962
2832,2021-06-01,Luxembourg,31,30983,0,29990,0,0,993
2833,2021-06-02,Luxembourg,22,31005,0,29990,0,0,1015
2834,2021-06-03,Luxembourg,29,31034,0,29990,0,0,1044
2835,2021-06-04,Luxembourg,26,31060,0,29990,0,0,1070
2836,2021-06-05,Luxembourg,9,31069,0,29990,0,0,1079
2837,2021-06-06,Luxembourg,7,31076,0,29990,0,0,1086
2838,2021-06-07,Luxembourg,15,31091,0,29990,0,0,1101
2839,2021-06-08,Luxembourg,12,31103,0,29990,0,0,1113
2840,2021-06-09,Luxembourg,17,31120,0,29990,0,0,1130
2841,2021-06-10,Luxembourg,11,31131,0,29990,0,0,1141
2842,2021-06-11,Luxembourg,12,31143,0,29990,0,0,1153
2843,2021-06-12,Luxembourg,7,31150,0,29990,0,0,1160
2844,2021-06-13,Luxembourg,2,31152,0,29990,0,0,1162
2845,2021-06-14,Luxembourg,6,31158,0,29990,0,0,1168
2846,2021-06-15,Luxembourg,4,31162,0,29990,0,0,1172
2847,2021-06-16,Luxembourg,2,31164,0,29990,0,0,1174
2848,2021-06-17,Luxembourg,0,31164,0,29990,0,0,1174
2849,2021-06-18,Luxembourg,0,31164,0,29990,0,0,1174
2850,2020-03-01,Limburg,1,1,0,0,0,0,1
2851,2020-03-02,Limburg,0,1,0,0,0,0,1
2852,2020-03-03,Limburg,3,4,0,0,0,0,4
2853,2020-03-04,Limburg,8,12,0,0,0,0,12
2854,2020-03-05,Limburg,8,20,0,0,0,0,20
2855,2020-03-06,Limburg,17,37,0,0,0,0,37
2856,2020-03-07,Limburg,3,40,0,0,0,0,40
2857,2020-03-08,Limburg,7,47,0,0,0,0,47
2858,2020-03-09,Limburg,6,53,0,0,0,0,53
2859,2020-03-10,Limburg,12,65,0,0,0,0,65
2860,2020-03-11,Limburg,22,87,0,0,0,0,87
2861,2020-03-12,Limburg,25,112,0,0,0,0,112
2862,2020-03-13,Limburg,30,142,0,0,0,0,142
2863,2020-03-14,Limburg,11,153,0,0,0,0,153
2864,2020-03-15,Limburg,37,190,1,1,0,0,189
2865,2020-03-16,Limburg,35,225,0,1,0,0,224
2866,2020-03-17,Limburg,66,291,3,4,0,0,287
2867,2020-03-18,Limburg,58,349,8,12,0,0,337
2868,2020-03-19,Limburg,97,446,8,20,0,0,426
2869,2020-03-20,Limburg,111,557,17,37,0,0,520
2870,2020-03-21,Limburg,62,619,3,40,0,0,579
2871,2020-03-22,Limburg,45,664,7,47,0,0,617
2872,2020-03-23,Limburg,145,809,6,53,0,0,756
2873,2020-03-24,Limburg,135,944,12,65,0,0,879
2874,2020-03-25,Limburg,125,1069,22,87,0,0,982
2875,2020-03-26,Limburg,179,1248,25,112,0,0,1136
2876,2020-03-27,Limburg,181,1429,30,142,0,0,1287
2877,2020-03-28,Limburg,96,1525,11,153,0,0,1372
2878,2020-03-29,Limburg,72,1597,37,190,0,0,1407
2879,2020-03-30,Limburg,231,1828,35,225,0,0,1603
2880,2020-03-31,Limburg,166,1994,66,291,0,0,1703
2881,2020-04-01,Limburg,170,2164,58,349,0,0,1815
2882,2020-04-02,Limburg,167,2331,97,446,0,0,1885
2883,2020-04-03,Limburg,257,2588,111,557,0,0,2031
2884,2020-04-04,Limburg,86,2674,62,619,0,0,2055
2885,2020-04-05,Limburg,47,2721,45,664,0,0,2057
2886,2020-04-06,Limburg,258,2979,145,809,0,0,2170
2887,2020-04-07,Limburg,221,3200,135,944,0,0,2256
2888,2020-04-08,Limburg,214,3414,125,1069,0,0,2345
2889,2020-04-09,Limburg,255,3669,179,1248,0,0,2421
2890,2020-04-10,Limburg,324,3993,181,1429,0,0,2564
2891,2020-04-11,Limburg,93,4086,96,1525,0,0,2561
2892,2020-04-12,Limburg,53,4139,72,1597,0,0,2542
2893,2020-04-13,Limburg,40,4179,231,1828,0,0,2351
2894,2020-04-14,Limburg,188,4367,166,1994,0,0,2373
2895,2020-04-15,Limburg,96,4463,170,2164,0,0,2299
2896,2020-04-16,Limburg,126,4589,167,2331,0,0,2258
2897,2020-04-17,Limburg,134,4723,257,2588,0,0,2135
2898,2020-04-18,Limburg,49,4772,86,2674,0,0,2098
2899,2020-04-19,Limburg,29,4801,47,2721,0,0,2080
2900,2020-04-20,Limburg,129,4930,258,2979,0,0,1951
2901,2020-04-21,Limburg,77,5007,221,3200,0,0,1807
2902,2020-04-22,Limburg,56,5063,214,3414,0,0,1649
2903,2020-04-23,Limburg,64,5127,255,3669,0,0,1458
2904,2020-04-24,Limburg,76,5203,324,3993,0,0,1210
2905,2020-04-25,Limburg,20,5223,93,4086,0,0,1137
2906,2020-04-26,Limburg,23,5246,53,4139,0,0,1107
2907,2020-04-27,Limburg,59,5305,40,4179,0,0,1126
2908,2020-04-28,Limburg,44,5349,188,4367,0,0,982
2909,2020-04-29,Limburg,59,5408,96,4463,0,0,945
2910,2020-04-30,Limburg,46,5454,126,4589,0,0,865
2911,2020-05-01,Limburg,24,5478,134,4723,0,0,755
2912,2020-05-02,Limburg,27,5505,49,4772,0,0,733
2913,2020-05-03,Limburg,7,5512,29,4801,0,0,711
2914,2020-05-04,Limburg,43,5555,129,4930,0,0,625
2915,2020-05-05,Limburg,36,5591,77,5007,0,0,584
2916,2020-05-06,Limburg,43,5634,56,5063,0,0,571
2917,2020-05-07,Limburg,39,5673,64,5127,0,0,546
2918,2020-05-08,Limburg,50,5723,76,5203,0,0,520
2919,2020-05-09,Limburg,15,5738,20,5223,0,0,515
2920,2020-05-10,Limburg,9,5747,23,5246,0,0,501
2921,2020-05-11,Limburg,54,5801,59,5305,0,0,496
2922,2020-05-12,Limburg,29,5830,44,5349,0,0,481
2923,2020-05-13,Limburg,31,5861,59,5408,0,0,453
2924,2020-05-14,Limburg,25,5886,46,5454,0,0,432
2925,2020-05-15,Limburg,33,5919,24,5478,0,0,441
2926,2020-05-16,Limburg,10,5929,27,5505,0,0,424
2927,2020-05-17,Limburg,9,5938,7,5512,0,0,426
2928,2020-05-18,Limburg,50,5988,43,5555,0,0,433
2929,2020-05-19,Limburg,45,6033,36,5591,0,0,442
2930,2020-05-20,Limburg,34,6067,43,5634,0,0,433
2931,2020-05-21,Limburg,8,6075,39,5673,0,0,402
2932,2020-05-22,Limburg,24,6099,50,5723,0,0,376
2933,2020-05-23,Limburg,11,6110,15,5738,0,0,372
2934,2020-05-24,Limburg,14,6124,9,5747,0,0,377
2935,2020-05-25,Limburg,29,6153,54,5801,0,0,352
2936,2020-05-26,Limburg,27,6180,29,5830,0,0,350
2937,2020-05-27,Limburg,24,6204,31,5861,0,0,343
2938,2020-05-28,Limburg,18,6222,25,5886,0,0,336
2939,2020-05-29,Limburg,15,6237,33,5919,0,0,318
2940,2020-05-30,Limburg,12,6249,10,5929,0,0,320
2941,2020-05-31,Limburg,7,6256,9,5938,0,0,318
2942,2020-06-01,Limburg,8,6264,50,5988,0,0,276
2943,2020-06-02,Limburg,23,6287,45,6033,0,0,254
2944,2020-06-03,Limburg,21,6308,34,6067,0,0,241
2945,2020-06-04,Limburg,21,6329,8,6075,0,0,254
2946,2020-06-05,Limburg,23,6352,24,6099,0,0,253
2947,2020-06-06,Limburg,18,6370,11,6110,0,0,260
2948,2020-06-07,Limburg,15,6385,14,6124,0,0,261
2949,2020-06-08,Limburg,17,6402,29,6153,0,0,249
2950,2020-06-09,Limburg,16,6418,27,6180,0,0,238
2951,2020-06-10,Limburg,12,6430,24,6204,0,0,226
2952,2020-06-11,Limburg,14,6444,18,6222,0,0,222
2953,2020-06-12,Limburg,7,6451,15,6237,0,0,214
2954,2020-06-13,Limburg,5,6456,12,6249,0,0,207
2955,2020-06-14,Limburg,2,6458,7,6256,0,0,202
2956,2020-06-15,Limburg,20,6478,8,6264,0,0,214
2957,2020-06-16,Limburg,15,6493,23,6287,0,0,206
2958,2020-06-17,Limburg,13,6506,21,6308,0,0,198
2959,2020-06-18,Limburg,5,6511,21,6329,0,0,182
2960,2020-06-19,Limburg,14,6525,23,6352,0,0,173
2961,2020-06-20,Limburg,4,6529,18,6370,0,0,159
2962,2020-06-21,Limburg,4,6533,15,6385,0,0,148
2963,2020-06-22,Limburg,8,6541,17,6402,0,0,139
2964,2020-06-23,Limburg,16,6557,16,6418,0,0,139
2965,2020-06-24,Limburg,16,6573,12,6430,0,0,143
2966,2020-06-25,Limburg,5,6578,14,6444,0,0,134
2967,2020-06-26,Limburg,10,6588,7,6451,0,0,137
2968,2020-06-27,Limburg,1,6589,5,6456,0,0,133
2969,2020-06-28,Limburg,0,6589,2,6458,0,0,131
2970,2020-06-29,Limburg,9,6598,20,6478,0,0,120
2971,2020-06-30,Limburg,6,6604,15,6493,0,0,111
2972,2020-07-01,Limburg,9,6613,13,6506,0,0,107
2973,2020-07-02,Limburg,6,6619,5,6511,0,0,108
2974,2020-07-03,Limburg,4,6623,14,6525,0,0,98
2975,2020-07-04,Limburg,7,6630,4,6529,0,0,101
2976,2020-07-05,Limburg,1,6631,4,6533,0,0,98
2977,2020-07-06,Limburg,7,6638,8,6541,0,0,97
2978,2020-07-07,Limburg,7,6645,16,6557,0,0,88
2979,2020-07-08,Limburg,22,6667,16,6573,0,0,94
2980,2020-07-09,Limburg,14,6681,5,6578,0,0,103
2981,2020-07-10,Limburg,10,6691,10,6588,0,0,103
2982,2020-07-11,Limburg,10,6701,1,6589,0,0,112
2983,2020-07-12,Limburg,4,6705,0,6589,0,0,116
2984,2020-07-13,Limburg,19,6724,9,6598,0,0,126
2985,2020-07-14,Limburg,12,6736,6,6604,0,0,132
2986,2020-07-15,Limburg,23,6759,9,6613,0,0,146
2987,2020-07-16,Limburg,11,6770,6,6619,0,0,151
2988,2020-07-17,Limburg,21,6791,4,6623,0,0,168
2989,2020-07-18,Limburg,5,6796,7,6630,0,0,166
2990,2020-07-19,Limburg,12,6808,1,6631,0,0,177
2991,2020-07-20,Limburg,22,6830,7,6638,0,0,192
2992,2020-07-21,Limburg,23,6853,7,6645,0,0,208
2993,2020-07-22,Limburg,46,6899,22,6667,0,0,232
2994,2020-07-23,Limburg,25,6924,14,6681,0,0,243
2995,2020-07-24,Limburg,28,6952,10,6691,0,0,261
2996,2020-07-25,Limburg,19,6971,10,6701,0,0,270
2997,2020-07-26,Limburg,5,6976,4,6705,0,0,271
2998,2020-07-27,Limburg,38,7014,19,6724,0,0,290
2999,2020-07-28,Limburg,31,7045,12,6736,0,0,309
3000,2020-07-29,Limburg,38,7083,23,6759,0,0,324
3001,2020-07-30,Limburg,27,7110,11,6770,0,0,340
3002,2020-07-31,Limburg,22,7132,21,6791,0,0,341
3003,2020-08-01,Limburg,22,7154,5,6796,0,0,358
3004,2020-08-02,Limburg,9,7163,12,6808,0,0,355
3005,2020-08-03,Limburg,26,7189,22,6830,0,0,359
3006,2020-08-04,Limburg,45,7234,23,6853,0,0,381
3007,2020-08-05,Limburg,27,7261,46,6899,0,0,362
3008,2020-08-06,Limburg,27,7288,25,6924,0,0,364
3009,2020-08-07,Limburg,28,7316,28,6952,0,0,364
3010,2020-08-08,Limburg,19,7335,19,6971,0,0,364
3011,2020-08-09,Limburg,2,7337,5,6976,0,0,361
3012,2020-08-10,Limburg,50,7387,38,7014,0,0,373
3013,2020-08-11,Limburg,31,7418,31,7045,0,0,373
3014,2020-08-12,Limburg,9,7427,38,7083,0,0,344
3015,2020-08-13,Limburg,26,7453,27,7110,0,0,343
3016,2020-08-14,Limburg,17,7470,22,7132,0,0,338
3017,2020-08-15,Limburg,12,7482,22,7154,0,0,328
3018,2020-08-16,Limburg,9,7491,9,7163,0,0,328
3019,2020-08-17,Limburg,32,7523,26,7189,0,0,334
3020,2020-08-18,Limburg,31,7554,45,7234,0,0,320
3021,2020-08-19,Limburg,25,7579,27,7261,0,0,318
3022,2020-08-20,Limburg,40,7619,27,7288,0,0,331
3023,2020-08-21,Limburg,25,7644,28,7316,0,0,328
3024,2020-08-22,Limburg,7,7651,19,7335,0,0,316
3025,2020-08-23,Limburg,8,7659,2,7337,0,0,322
3026,2020-08-24,Limburg,32,7691,50,7387,0,0,304
3027,2020-08-25,Limburg,33,7724,31,7418,0,0,306
3028,2020-08-26,Limburg,25,7749,9,7427,0,0,322
3029,2020-08-27,Limburg,31,7780,26,7453,0,0,327
3030,2020-08-28,Limburg,19,7799,17,7470,0,0,329
3031,2020-08-29,Limburg,16,7815,12,7482,0,0,333
3032,2020-08-30,Limburg,7,7822,9,7491,0,0,331
3033,2020-08-31,Limburg,52,7874,32,7523,0,0,351
3034,2020-09-01,Limburg,45,7919,31,7554,0,0,365
3035,2020-09-02,Limburg,25,7944,25,7579,0,0,365
3036,2020-09-03,Limburg,27,7971,40,7619,0,0,352
3037,2020-09-04,Limburg,27,7998,25,7644,0,0,354
3038,2020-09-05,Limburg,6,8004,7,7651,0,0,353
3039,2020-09-06,Limburg,17,8021,8,7659,0,0,362
3040,2020-09-07,Limburg,36,8057,32,7691,0,0,366
3041,2020-09-08,Limburg,44,8101,33,7724,0,0,377
3042,2020-09-09,Limburg,51,8152,25,7749,0,0,403
3043,2020-09-10,Limburg,40,8192,31,7780,0,0,412
3044,2020-09-11,Limburg,49,8241,19,7799,0,0,442
3045,2020-09-12,Limburg,26,8267,16,7815,0,0,452
3046,2020-09-13,Limburg,14,8281,7,7822,0,0,459
3047,2020-09-14,Limburg,67,8348,52,7874,0,0,474
3048,2020-09-15,Limburg,29,8377,45,7919,0,0,458
3049,2020-09-16,Limburg,36,8413,25,7944,0,0,469
3050,2020-09-17,Limburg,47,8460,27,7971,0,0,489
3051,2020-09-18,Limburg,40,8500,27,7998,0,0,502
3052,2020-09-19,Limburg,39,8539,6,8004,0,0,535
3053,2020-09-20,Limburg,15,8554,17,8021,0,0,533
3054,2020-09-21,Limburg,69,8623,36,8057,0,0,566
3055,2020-09-22,Limburg,56,8679,44,8101,0,0,578
3056,2020-09-23,Limburg,61,8740,51,8152,0,0,588
3057,2020-09-24,Limburg,94,8834,40,8192,0,0,642
3058,2020-09-25,Limburg,68,8902,49,8241,0,0,661
3059,2020-09-26,Limburg,25,8927,26,8267,0,0,660
3060,2020-09-27,Limburg,26,8953,14,8281,0,0,672
3061,2020-09-28,Limburg,72,9025,67,8348,0,0,677
3062,2020-09-29,Limburg,73,9098,29,8377,0,0,721
3063,2020-09-30,Limburg,71,9169,36,8413,0,0,756
3064,2020-10-01,Limburg,71,9240,47,8460,0,0,780
3065,2020-10-02,Limburg,94,9334,40,8500,0,0,834
3066,2020-10-03,Limburg,53,9387,39,8539,0,0,848
3067,2020-10-04,Limburg,36,9423,15,8554,0,0,869
3068,2020-10-05,Limburg,161,9584,69,8623,0,0,961
3069,2020-10-06,Limburg,162,9746,56,8679,0,0,1067
3070,2020-10-07,Limburg,127,9873,61,8740,0,0,1133
3071,2020-10-08,Limburg,190,10063,94,8834,0,0,1229
3072,2020-10-09,Limburg,205,10268,68,8902,0,0,1366
3073,2020-10-10,Limburg,114,10382,25,8927,0,0,1455
3074,2020-10-11,Limburg,86,10468,26,8953,0,0,1515
3075,2020-10-12,Limburg,290,10758,72,9025,0,0,1733
3076,2020-10-13,Limburg,311,11069,73,9098,0,0,1971
3077,2020-10-14,Limburg,366,11435,71,9169,0,0,2266
3078,2020-10-15,Limburg,334,11769,71,9240,0,0,2529
3079,2020-10-16,Limburg,342,12111,94,9334,0,0,2777
3080,2020-10-17,Limburg,260,12371,53,9387,0,0,2984
3081,2020-10-18,Limburg,213,12584,36,9423,0,0,3161
3082,2020-10-19,Limburg,586,13170,161,9584,0,0,3586
3083,2020-10-20,Limburg,560,13730,162,9746,0,0,3984
3084,2020-10-21,Limburg,505,14235,127,9873,0,0,4362
3085,2020-10-22,Limburg,508,14743,190,10063,0,0,4680
3086,2020-10-23,Limburg,513,15256,205,10268,0,0,4988
3087,2020-10-24,Limburg,302,15558,114,10382,0,0,5176
3088,2020-10-25,Limburg,168,15726,86,10468,0,0,5258
3089,2020-10-26,Limburg,666,16392,290,10758,0,0,5634
3090,2020-10-27,Limburg,577,16969,311,11069,0,0,5900
3091,2020-10-28,Limburg,504,17473,366,11435,0,0,6038
3092,2020-10-29,Limburg,468,17941,334,11769,0,0,6172
3093,2020-10-30,Limburg,485,18426,342,12111,0,0,6315
3094,2020-10-31,Limburg,222,18648,260,12371,0,0,6277
3095,2020-11-01,Limburg,101,18749,213,12584,0,0,6165
3096,2020-11-02,Limburg,548,19297,586,13170,0,0,6127
3097,2020-11-03,Limburg,340,19637,560,13730,0,0,5907
3098,2020-11-04,Limburg,289,19926,505,14235,0,0,5691
3099,2020-11-05,Limburg,257,20183,508,14743,0,0,5440
3100,2020-11-06,Limburg,250,20433,513,15256,0,0,5177
3101,2020-11-07,Limburg,116,20549,302,15558,0,0,4991
3102,2020-11-08,Limburg,68,20617,168,15726,0,0,4891
3103,2020-11-09,Limburg,368,20985,666,16392,0,0,4593
3104,2020-11-10,Limburg,325,21310,577,16969,0,0,4341
3105,2020-11-11,Limburg,126,21436,504,17473,0,0,3963
3106,2020-11-12,Limburg,293,21729,468,17941,0,0,3788
3107,2020-11-13,Limburg,235,21964,485,18426,0,0,3538
3108,2020-11-14,Limburg,117,22081,222,18648,0,0,3433
3109,2020-11-15,Limburg,64,22145,101,18749,0,0,3396
3110,2020-11-16,Limburg,335,22480,548,19297,0,0,3183
3111,2020-11-17,Limburg,206,22686,340,19637,0,0,3049
3112,2020-11-18,Limburg,175,22861,289,19926,0,0,2935
3113,2020-11-19,Limburg,181,23042,257,20183,0,0,2859
3114,2020-11-20,Limburg,171,23213,250,20433,0,0,2780
3115,2020-11-21,Limburg,50,23263,116,20549,0,0,2714
3116,2020-11-22,Limburg,42,23305,68,20617,0,0,2688
3117,2020-11-23,Limburg,257,23562,368,20985,0,0,2577
3118,2020-11-24,Limburg,151,23713,325,21310,0,0,2403
3119,2020-11-25,Limburg,157,23870,126,21436,0,0,2434
3120,2020-11-26,Limburg,166,24036,293,21729,0,0,2307
3121,2020-11-27,Limburg,241,24277,235,21964,0,0,2313
3122,2020-11-28,Limburg,55,24332,117,22081,0,0,2251
3123,2020-11-29,Limburg,48,24380,64,22145,0,0,2235
3124,2020-11-30,Limburg,216,24596,335,22480,0,0,2116
3125,2020-12-01,Limburg,155,24751,206,22686,0,0,2065
3126,2020-12-02,Limburg,140,24891,175,22861,0,0,2030
3127,2020-12-03,Limburg,175,25066,181,23042,0,0,2024
3128,2020-12-04,Limburg,180,25246,171,23213,0,0,2033
3129,2020-12-05,Limburg,61,25307,50,23263,0,0,2044
3130,2020-12-06,Limburg,55,25362,42,23305,0,0,2057
3131,2020-12-07,Limburg,244,25606,257,23562,0,0,2044
3132,2020-12-08,Limburg,176,25782,151,23713,0,0,2069
3133,2020-12-09,Limburg,174,25956,157,23870,0,0,2086
3134,2020-12-10,Limburg,167,26123,166,24036,0,0,2087
3135,2020-12-11,Limburg,215,26338,241,24277,0,0,2061
3136,2020-12-12,Limburg,89,26427,55,24332,0,0,2095
3137,2020-12-13,Limburg,72,26499,48,24380,0,0,2119
3138,2020-12-14,Limburg,232,26731,216,24596,0,0,2135
3139,2020-12-15,Limburg,224,26955,155,24751,0,0,2204
3140,2020-12-16,Limburg,169,27124,140,24891,0,0,2233
3141,2020-12-17,Limburg,192,27316,175,25066,0,0,2250
3142,2020-12-18,Limburg,209,27525,180,25246,0,0,2279
3143,2020-12-19,Limburg,97,27622,61,25307,0,0,2315
3144,2020-12-20,Limburg,70,27692,55,25362,0,0,2330
3145,2020-12-21,Limburg,251,27943,244,25606,0,0,2337
3146,2020-12-22,Limburg,184,28127,176,25782,0,0,2345
3147,2020-12-23,Limburg,167,28294,174,25956,0,0,2338
3148,2020-12-24,Limburg,163,28457,167,26123,0,0,2334
3149,2020-12-25,Limburg,62,28519,215,26338,0,0,2181
3150,2020-12-26,Limburg,85,28604,89,26427,0,0,2177
3151,2020-12-27,Limburg,89,28693,72,26499,0,0,2194
3152,2020-12-28,Limburg,257,28950,232,26731,0,0,2219
3153,2020-12-29,Limburg,167,29117,224,26955,0,0,2162
3154,2020-12-30,Limburg,140,29257,169,27124,0,0,2133
3155,2020-12-31,Limburg,129,29386,192,27316,0,0,2070
3156,2021-01-01,Limburg,54,29440,209,27525,0,0,1915
3157,2021-01-02,Limburg,107,29547,97,27622,0,0,1925
3158,2021-01-03,Limburg,56,29603,70,27692,0,0,1911
3159,2021-01-04,Limburg,212,29815,251,27943,0,0,1872
3160,2021-01-05,Limburg,190,30005,184,28127,0,0,1878
3161,2021-01-06,Limburg,184,30189,167,28294,0,0,1895
3162,2021-01-07,Limburg,142,30331,163,28457,0,0,1874
3163,2021-01-08,Limburg,151,30482,62,28519,0,0,1963
3164,2021-01-09,Limburg,80,30562,85,28604,0,0,1958
3165,2021-01-10,Limburg,76,30638,89,28693,0,0,1945
3166,2021-01-11,Limburg,216,30854,257,28950,0,0,1904
3167,2021-01-12,Limburg,194,31048,167,29117,0,0,1931
3168,2021-01-13,Limburg,162,31210,140,29257,0,0,1953
3169,2021-01-14,Limburg,202,31412,129,29386,0,0,2026
3170,2021-01-15,Limburg,234,31646,54,29440,0,0,2206
3171,2021-01-16,Limburg,85,31731,107,29547,0,0,2184
3172,2021-01-17,Limburg,58,31789,56,29603,0,0,2186
3173,2021-01-18,Limburg,233,32022,212,29815,0,0,2207
3174,2021-01-19,Limburg,226,32248,190,30005,0,0,2243
3175,2021-01-20,Limburg,292,32540,184,30189,0,0,2351
3176,2021-01-21,Limburg,259,32799,142,30331,0,0,2468
3177,2021-01-22,Limburg,286,33085,151,30482,0,0,2603
3178,2021-01-23,Limburg,111,33196,80,30562,0,0,2634
3179,2021-01-24,Limburg,102,33298,76,30638,0,0,2660
3180,2021-01-25,Limburg,312,33610,216,30854,0,0,2756
3181,2021-01-26,Limburg,280,33890,194,31048,0,0,2842
3182,2021-01-27,Limburg,232,34122,162,31210,0,0,2912
3183,2021-01-28,Limburg,306,34428,202,31412,0,0,3016
3184,2021-01-29,Limburg,274,34702,234,31646,0,0,3056
3185,2021-01-30,Limburg,127,34829,85,31731,0,0,3098
3186,2021-01-31,Limburg,106,34935,58,31789,0,0,3146
3187,2021-02-01,Limburg,229,35164,233,32022,0,0,3142
3188,2021-02-02,Limburg,214,35378,226,32248,0,0,3130
3189,2021-02-03,Limburg,178,35556,292,32540,0,0,3016
3190,2021-02-04,Limburg,172,35728,259,32799,0,0,2929
3191,2021-02-05,Limburg,166,35894,286,33085,0,0,2809
3192,2021-02-06,Limburg,56,35950,111,33196,0,0,2754
3193,2021-02-07,Limburg,50,36000,102,33298,0,0,2702
3194,2021-02-08,Limburg,176,36176,312,33610,0,0,2566
3195,2021-02-09,Limburg,123,36299,280,33890,0,0,2409
3196,2021-02-10,Limburg,133,36432,232,34122,0,0,2310
3197,2021-02-11,Limburg,113,36545,306,34428,0,0,2117
3198,2021-02-12,Limburg,138,36683,274,34702,0,0,1981
3199,2021-02-13,Limburg,62,36745,127,34829,0,0,1916
3200,2021-02-14,Limburg,27,36772,106,34935,0,0,1837
3201,2021-02-15,Limburg,187,36959,229,35164,0,0,1795
3202,2021-02-16,Limburg,162,37121,214,35378,0,0,1743
3203,2021-02-17,Limburg,170,37291,178,35556,0,0,1735
3204,2021-02-18,Limburg,145,37436,172,35728,0,0,1708
3205,2021-02-19,Limburg,149,37585,166,35894,0,0,1691
3206,2021-02-20,Limburg,63,37648,56,35950,0,0,1698
3207,2021-02-21,Limburg,48,37696,50,36000,0,0,1696
3208,2021-02-22,Limburg,170,37866,176,36176,0,0,1690
3209,2021-02-23,Limburg,157,38023,123,36299,0,0,1724
3210,2021-02-24,Limburg,130,38153,133,36432,0,0,1721
3211,2021-02-25,Limburg,140,38293,113,36545,0,0,1748
3212,2021-02-26,Limburg,132,38425,138,36683,0,0,1742
3213,2021-02-27,Limburg,62,38487,62,36745,0,0,1742
3214,2021-02-28,Limburg,35,38522,27,36772,0,0,1750
3215,2021-03-01,Limburg,191,38713,187,36959,0,0,1754
3216,2021-03-02,Limburg,132,38845,162,37121,0,0,1724
3217,2021-03-03,Limburg,194,39039,170,37291,0,0,1748
3218,2021-03-04,Limburg,164,39203,145,37436,0,0,1767
3219,2021-03-05,Limburg,149,39352,149,37585,0,0,1767
3220,2021-03-06,Limburg,74,39426,63,37648,0,0,1778
3221,2021-03-07,Limburg,69,39495,48,37696,0,0,1799
3222,2021-03-08,Limburg,225,39720,170,37866,0,0,1854
3223,2021-03-09,Limburg,206,39926,157,38023,0,0,1903
3224,2021-03-10,Limburg,185,40111,130,38153,0,0,1958
3225,2021-03-11,Limburg,197,40308,140,38293,0,0,2015
3226,2021-03-12,Limburg,213,40521,132,38425,0,0,2096
3227,2021-03-13,Limburg,127,40648,62,38487,0,0,2161
3228,2021-03-14,Limburg,86,40734,35,38522,0,0,2212
3229,2021-03-15,Limburg,344,41078,191,38713,0,0,2365
3230,2021-03-16,Limburg,260,41338,132,38845,0,0,2493
3231,2021-03-17,Limburg,241,41579,194,39039,0,0,2540
3232,2021-03-18,Limburg,308,41887,164,39203,0,0,2684
3233,2021-03-19,Limburg,326,42213,149,39352,0,0,2861
3234,2021-03-20,Limburg,173,42386,74,39426,0,0,2960
3235,2021-03-21,Limburg,150,42536,69,39495,0,0,3041
3236,2021-03-22,Limburg,451,42987,225,39720,0,0,3267
3237,2021-03-23,Limburg,359,43346,206,39926,0,0,3420
3238,2021-03-24,Limburg,334,43680,185,40111,0,0,3569
3239,2021-03-25,Limburg,388,44068,197,40308,0,0,3760
3240,2021-03-26,Limburg,375,44443,213,40521,0,0,3922
3241,2021-03-27,Limburg,144,44587,127,40648,0,0,3939
3242,2021-03-28,Limburg,201,44788,86,40734,0,0,4054
3243,2021-03-29,Limburg,429,45217,344,41078,0,0,4139
3244,2021-03-30,Limburg,407,45624,260,41338,0,0,4286
3245,2021-03-31,Limburg,355,45979,241,41579,0,0,4400
3246,2021-04-01,Limburg,347,46326,308,41887,0,0,4439
3247,2021-04-02,Limburg,389,46715,326,42213,0,0,4502
3248,2021-04-03,Limburg,167,46882,173,42386,0,0,4496
3249,2021-04-04,Limburg,109,46991,150,42536,0,0,4455
3250,2021-04-05,Limburg,110,47101,451,42987,0,0,4114
3251,2021-04-06,Limburg,393,47494,359,43346,0,0,4148
3252,2021-04-07,Limburg,402,47896,334,43680,0,0,4216
3253,2021-04-08,Limburg,332,48228,388,44068,0,0,4160
3254,2021-04-09,Limburg,337,48565,375,44443,0,0,4122
3255,2021-04-10,Limburg,171,48736,144,44587,0,0,4149
3256,2021-04-11,Limburg,138,48874,201,44788,0,0,4086
3257,2021-04-12,Limburg,424,49298,429,45217,0,0,4081
3258,2021-04-13,Limburg,375,49673,407,45624,0,0,4049
3259,2021-04-14,Limburg,359,50032,355,45979,0,0,4053
3260,2021-04-15,Limburg,300,50332,347,46326,0,0,4006
3261,2021-04-16,Limburg,390,50722,389,46715,0,0,4007
3262,2021-04-17,Limburg,173,50895,167,46882,0,0,4013
3263,2021-04-18,Limburg,115,51010,109,46991,0,0,4019
3264,2021-04-19,Limburg,423,51433,110,47101,0,0,4332
3265,2021-04-20,Limburg,385,51818,393,47494,0,0,4324
3266,2021-04-21,Limburg,410,52228,402,47896,0,0,4332
3267,2021-04-22,Limburg,289,52517,332,48228,0,0,4289
3268,2021-04-23,Limburg,320,52837,337,48565,0,0,4272
3269,2021-04-24,Limburg,152,52989,171,48736,0,0,4253
3270,2021-04-25,Limburg,133,53122,138,48874,0,0,4248
3271,2021-04-26,Limburg,327,53449,424,49298,0,0,4151
3272,2021-04-27,Limburg,307,53756,375,49673,0,0,4083
3273,2021-04-28,Limburg,350,54106,359,50032,0,0,4074
3274,2021-04-29,Limburg,330,54436,300,50332,0,0,4104
3275,2021-04-30,Limburg,295,54731,390,50722,0,0,4009
3276,2021-05-01,Limburg,135,54866,173,50895,0,0,3971
3277,2021-05-02,Limburg,120,54986,115,51010,0,0,3976
3278,2021-05-03,Limburg,347,55333,423,51433,0,0,3900
3279,2021-05-04,Limburg,307,55640,385,51818,0,0,3822
3280,2021-05-05,Limburg,370,56010,410,52228,0,0,3782
3281,2021-05-06,Limburg,308,56318,289,52517,0,0,3801
3282,2021-05-07,Limburg,305,56623,320,52837,0,0,3786
3283,2021-05-08,Limburg,109,56732,152,52989,0,0,3743
3284,2021-05-09,Limburg,85,56817,133,53122,0,0,3695
3285,2021-05-10,Limburg,245,57062,327,53449,0,0,3613
3286,2021-05-11,Limburg,222,57284,307,53756,0,0,3528
3287,2021-05-12,Limburg,188,57472,350,54106,0,0,3366
3288,2021-05-13,Limburg,88,57560,330,54436,0,0,3124
3289,2021-05-14,Limburg,134,57694,295,54731,0,0,2963
3290,2021-05-15,Limburg,93,57787,135,54866,0,0,2921
3291,2021-05-16,Limburg,60,57847,120,54986,0,0,2861
3292,2021-05-17,Limburg,290,58137,347,55333,0,0,2804
3293,2021-05-18,Limburg,235,58372,307,55640,0,0,2732
3294,2021-05-19,Limburg,207,58579,370,56010,0,0,2569
3295,2021-05-20,Limburg,155,58734,308,56318,0,0,2416
3296,2021-05-21,Limburg,155,58889,305,56623,0,0,2266
3297,2021-05-22,Limburg,76,58965,109,56732,0,0,2233
3298,2021-05-23,Limburg,58,59023,85,56817,0,0,2206
3299,2021-05-24,Limburg,72,59095,245,57062,0,0,2033
3300,2021-05-25,Limburg,178,59273,222,57284,0,0,1989
3301,2021-05-26,Limburg,167,59440,188,57472,0,0,1968
3302,2021-05-27,Limburg,117,59557,88,57560,0,0,1997
3303,2021-05-28,Limburg,101,59658,134,57694,0,0,1964
3304,2021-05-29,Limburg,62,59720,93,57787,0,0,1933
3305,2021-05-30,Limburg,59,59779,60,57847,0,0,1932
3306,2021-05-31,Limburg,144,59923,290,58137,0,0,1786
3307,2021-06-01,Limburg,125,60048,235,58372,0,0,1676
3308,2021-06-02,Limburg,93,60141,207,58579,0,0,1562
3309,2021-06-03,Limburg,112,60253,155,58734,0,0,1519
3310,2021-06-04,Limburg,92,60345,155,58889,0,0,1456
3311,2021-06-05,Limburg,35,60380,76,58965,0,0,1415
3312,2021-06-06,Limburg,28,60408,58,59023,0,0,1385
3313,2021-06-07,Limburg,64,60472,72,59095,0,0,1377
3314,2021-06-08,Limburg,59,60531,178,59273,0,0,1258
3315,2021-06-09,Limburg,49,60580,167,59440,0,0,1140
3316,2021-06-10,Limburg,51,60631,117,59557,0,0,1074
3317,2021-06-11,Limburg,53,60684,101,59658,0,0,1026
3318,2021-06-12,Limburg,24,60708,62,59720,0,0,988
3319,2021-06-13,Limburg,17,60725,59,59779,0,0,946
3320,2021-06-14,Limburg,44,60769,144,59923,0,0,846
3321,2021-06-15,Limburg,42,60811,0,59923,0,0,888
3322,2021-06-16,Limburg,11,60822,0,59923,0,0,899
3323,2021-06-17,Limburg,0,60822,0,59923,0,0,899
3324,2021-06-18,Limburg,0,60822,0,59923,0,0,899
3325,2020-03-01,Liège,3,3,0,0,0,0,3
3326,2020-03-02,Liège,1,4,0,0,0,0,4
3327,2020-03-03,Liège,6,10,0,0,0,0,10
3328,2020-03-04,Liège,5,15,0,0,0,0,15
3329,2020-03-05,Liège,6,21,0,0,0,0,21
3330,2020-03-06,Liège,8,29,0,0,0,0,29
3331,2020-03-07,Liège,4,33,0,0,0,0,33
3332,2020-03-08,Liège,11,44,0,0,0,0,44
3333,2020-03-09,Liège,22,66,0,0,0,0,66
3334,2020-03-10,Liège,10,76,0,0,0,0,76
3335,2020-03-11,Liège,25,101,0,0,0,0,101
3336,2020-03-12,Liège,29,130,0,0,0,0,130
3337,2020-03-13,Liège,30,160,0,0,0,0,160
3338,2020-03-14,Liège,22,182,0,0,0,0,182
3339,2020-03-15,Liège,15,197,3,3,0,0,194
3340,2020-03-16,Liège,48,245,1,4,0,0,241
3341,2020-03-17,Liège,45,290,6,10,0,0,280
3342,2020-03-18,Liège,47,337,5,15,0,0,322
3343,2020-03-19,Liège,80,417,6,21,0,0,396
3344,2020-03-20,Liège,73,490,8,29,0,0,461
3345,2020-03-21,Liège,74,564,4,33,0,0,531
3346,2020-03-22,Liège,60,624,11,44,0,0,580
3347,2020-03-23,Liège,166,790,22,66,0,0,724
3348,2020-03-24,Liège,163,953,10,76,0,0,877
3349,2020-03-25,Liège,138,1091,25,101,0,0,990
3350,2020-03-26,Liège,157,1248,29,130,0,0,1118
3351,2020-03-27,Liège,97,1345,30,160,0,0,1185
3352,2020-03-28,Liège,30,1375,22,182,0,0,1193
3353,2020-03-29,Liège,54,1429,15,197,0,0,1232
3354,2020-03-30,Liège,245,1674,48,245,0,0,1429
3355,2020-03-31,Liège,207,1881,45,290,0,0,1591
3356,2020-04-01,Liège,175,2056,47,337,0,0,1719
3357,2020-04-02,Liège,194,2250,80,417,0,0,1833
3358,2020-04-03,Liège,182,2432,73,490,0,0,1942
3359,2020-04-04,Liège,115,2547,74,564,0,0,1983
3360,2020-04-05,Liège,96,2643,60,624,0,0,2019
3361,2020-04-06,Liège,190,2833,166,790,0,0,2043
3362,2020-04-07,Liège,202,3035,163,953,0,0,2082
3363,2020-04-08,Liège,160,3195,138,1091,0,0,2104
3364,2020-04-09,Liège,236,3431,157,1248,0,0,2183
3365,2020-04-10,Liège,234,3665,97,1345,0,0,2320
3366,2020-04-11,Liège,138,3803,30,1375,0,0,2428
3367,2020-04-12,Liège,76,3879,54,1429,0,0,2450
3368,2020-04-13,Liège,63,3942,245,1674,0,0,2268
3369,2020-04-14,Liège,212,4154,207,1881,0,0,2273
3370,2020-04-15,Liège,451,4605,175,2056,0,0,2549
3371,2020-04-16,Liège,137,4742,194,2250,0,0,2492
3372,2020-04-17,Liège,215,4957,182,2432,0,0,2525
3373,2020-04-18,Liège,145,5102,115,2547,0,0,2555
3374,2020-04-19,Liège,93,5195,96,2643,0,0,2552
3375,2020-04-20,Liège,181,5376,190,2833,0,0,2543
3376,2020-04-21,Liège,119,5495,202,3035,0,0,2460
3377,2020-04-22,Liège,83,5578,160,3195,0,0,2383
3378,2020-04-23,Liège,214,5792,236,3431,0,0,2361
3379,2020-04-24,Liège,73,5865,234,3665,0,0,2200
3380,2020-04-25,Liège,90,5955,138,3803,0,0,2152
3381,2020-04-26,Liège,21,5976,76,3879,0,0,2097
3382,2020-04-27,Liège,46,6022,63,3942,0,0,2080
3383,2020-04-28,Liège,58,6080,212,4154,0,0,1926
3384,2020-04-29,Liège,43,6123,451,4605,0,0,1518
3385,2020-04-30,Liège,46,6169,137,4742,0,0,1427
3386,2020-05-01,Liège,27,6196,215,4957,0,0,1239
3387,2020-05-02,Liège,19,6215,145,5102,0,0,1113
3388,2020-05-03,Liège,10,6225,93,5195,0,0,1030
3389,2020-05-04,Liège,50,6275,181,5376,0,0,899
3390,2020-05-05,Liège,35,6310,119,5495,0,0,815
3391,2020-05-06,Liège,35,6345,83,5578,0,0,767
3392,2020-05-07,Liège,50,6395,214,5792,0,0,603
3393,2020-05-08,Liège,37,6432,73,5865,0,0,567
3394,2020-05-09,Liège,41,6473,90,5955,0,0,518
3395,2020-05-10,Liège,25,6498,21,5976,0,0,522
3396,2020-05-11,Liège,23,6521,46,6022,0,0,499
3397,2020-05-12,Liège,32,6553,58,6080,0,0,473
3398,2020-05-13,Liège,22,6575,43,6123,0,0,452
3399,2020-05-14,Liège,27,6602,46,6169,0,0,433
3400,2020-05-15,Liège,29,6631,27,6196,0,0,435
3401,2020-05-16,Liège,13,6644,19,6215,0,0,429
3402,2020-05-17,Liège,7,6651,10,6225,0,0,426
3403,2020-05-18,Liège,10,6661,50,6275,0,0,386
3404,2020-05-19,Liège,25,6686,35,6310,0,0,376
3405,2020-05-20,Liège,30,6716,35,6345,0,0,371
3406,2020-05-21,Liège,4,6720,50,6395,0,0,325
3407,2020-05-22,Liège,17,6737,37,6432,0,0,305
3408,2020-05-23,Liège,15,6752,41,6473,0,0,279
3409,2020-05-24,Liège,7,6759,25,6498,0,0,261
3410,2020-05-25,Liège,9,6768,23,6521,0,0,247
3411,2020-05-26,Liège,16,6784,32,6553,0,0,231
3412,2020-05-27,Liège,23,6807,22,6575,0,0,232
3413,2020-05-28,Liège,5,6812,27,6602,0,0,210
3414,2020-05-29,Liège,8,6820,29,6631,0,0,189
3415,2020-05-30,Liège,6,6826,13,6644,0,0,182
3416,2020-05-31,Liège,7,6833,7,6651,0,0,182
3417,2020-06-01,Liège,5,6838,10,6661,0,0,177
3418,2020-06-02,Liège,11,6849,25,6686,0,0,163
3419,2020-06-03,Liège,7,6856,30,6716,0,0,140
3420,2020-06-04,Liège,7,6863,4,6720,0,0,143
3421,2020-06-05,Liège,18,6881,17,6737,0,0,144
3422,2020-06-06,Liège,8,6889,15,6752,0,0,137
3423,2020-06-07,Liège,8,6897,7,6759,0,0,138
3424,2020-06-08,Liège,16,6913,9,6768,0,0,145
3425,2020-06-09,Liège,6,6919,16,6784,0,0,135
3426,2020-06-10,Liège,4,6923,23,6807,0,0,116
3427,2020-06-11,Liège,4,6927,5,6812,0,0,115
3428,2020-06-12,Liège,10,6937,8,6820,0,0,117
3429,2020-06-13,Liège,6,6943,6,6826,0,0,117
3430,2020-06-14,Liège,2,6945,7,6833,0,0,112
3431,2020-06-15,Liège,5,6950,5,6838,0,0,112
3432,2020-06-16,Liège,9,6959,11,6849,0,0,110
3433,2020-06-17,Liège,4,6963,7,6856,0,0,107
3434,2020-06-18,Liège,16,6979,7,6863,0,0,116
3435,2020-06-19,Liège,6,6985,18,6881,0,0,104
3436,2020-06-20,Liège,7,6992,8,6889,0,0,103
3437,2020-06-21,Liège,3,6995,8,6897,0,0,98
3438,2020-06-22,Liège,10,7005,16,6913,0,0,92
3439,2020-06-23,Liège,8,7013,6,6919,0,0,94
3440,2020-06-24,Liège,8,7021,4,6923,0,0,98
3441,2020-06-25,Liège,1,7022,4,6927,0,0,95
3442,2020-06-26,Liège,6,7028,10,6937,0,0,91
3443,2020-06-27,Liège,3,7031,6,6943,0,0,88
3444,2020-06-28,Liège,0,7031,2,6945,0,0,86
3445,2020-06-29,Liège,5,7036,5,6950,0,0,86
3446,2020-06-30,Liège,7,7043,9,6959,0,0,84
3447,2020-07-01,Liège,1,7044,4,6963,0,0,81
3448,2020-07-02,Liège,0,7044,16,6979,0,0,65
3449,2020-07-03,Liège,4,7048,6,6985,0,0,63
3450,2020-07-04,Liège,5,7053,7,6992,0,0,61
3451,2020-07-05,Liège,0,7053,3,6995,0,0,58
3452,2020-07-06,Liège,5,7058,10,7005,0,0,53
3453,2020-07-07,Liège,15,7073,8,7013,0,0,60
3454,2020-07-08,Liège,1,7074,8,7021,0,0,53
3455,2020-07-09,Liège,7,7081,1,7022,0,0,59
3456,2020-07-10,Liège,10,7091,6,7028,0,0,63
3457,2020-07-11,Liège,10,7101,3,7031,0,0,70
3458,2020-07-12,Liège,1,7102,0,7031,0,0,71
3459,2020-07-13,Liège,8,7110,5,7036,0,0,74
3460,2020-07-14,Liège,29,7139,7,7043,0,0,96
3461,2020-07-15,Liège,17,7156,1,7044,0,0,112
3462,2020-07-16,Liège,13,7169,0,7044,0,0,125
3463,2020-07-17,Liège,19,7188,4,7048,0,0,140
3464,2020-07-18,Liège,9,7197,5,7053,0,0,144
3465,2020-07-19,Liège,2,7199,0,7053,0,0,146
3466,2020-07-20,Liège,33,7232,5,7058,0,0,174
3467,2020-07-21,Liège,4,7236,15,7073,0,0,163
3468,2020-07-22,Liège,37,7273,1,7074,0,0,199
3469,2020-07-23,Liège,39,7312,7,7081,0,0,231
3470,2020-07-24,Liège,32,7344,10,7091,0,0,253
3471,2020-07-25,Liège,28,7372,10,7101,0,0,271
3472,2020-07-26,Liège,10,7382,1,7102,0,0,280
3473,2020-07-27,Liège,41,7423,8,7110,0,0,313
3474,2020-07-28,Liège,72,7495,29,7139,0,0,356
3475,2020-07-29,Liège,48,7543,17,7156,0,0,387
3476,2020-07-30,Liège,91,7634,13,7169,0,0,465
3477,2020-07-31,Liège,93,7727,19,7188,0,0,539
3478,2020-08-01,Liège,26,7753,9,7197,0,0,556
3479,2020-08-02,Liège,20,7773,2,7199,0,0,574
3480,2020-08-03,Liège,103,7876,33,7232,0,0,644
3481,2020-08-04,Liège,99,7975,4,7236,0,0,739
3482,2020-08-05,Liège,63,8038,37,7273,0,0,765
3483,2020-08-06,Liège,88,8126,39,7312,0,0,814
3484,2020-08-07,Liège,66,8192,32,7344,0,0,848
3485,2020-08-08,Liège,28,8220,28,7372,0,0,848
3486,2020-08-09,Liège,9,8229,10,7382,0,0,847
3487,2020-08-10,Liège,97,8326,41,7423,0,0,903
3488,2020-08-11,Liège,91,8417,72,7495,0,0,922
3489,2020-08-12,Liège,81,8498,48,7543,0,0,955
3490,2020-08-13,Liège,55,8553,91,7634,0,0,919
3491,2020-08-14,Liège,61,8614,93,7727,0,0,887
3492,2020-08-15,Liège,32,8646,26,7753,0,0,893
3493,2020-08-16,Liège,6,8652,20,7773,0,0,879
3494,2020-08-17,Liège,48,8700,103,7876,0,0,824
3495,2020-08-18,Liège,57,8757,99,7975,0,0,782
3496,2020-08-19,Liège,33,8790,63,8038,0,0,752
3497,2020-08-20,Liège,31,8821,88,8126,0,0,695
3498,2020-08-21,Liège,22,8843,66,8192,0,0,651
3499,2020-08-22,Liège,14,8857,28,8220,0,0,637
3500,2020-08-23,Liège,12,8869,9,8229,0,0,640
3501,2020-08-24,Liège,46,8915,97,8326,0,0,589
3502,2020-08-25,Liège,31,8946,91,8417,0,0,529
3503,2020-08-26,Liège,56,9002,81,8498,0,0,504
3504,2020-08-27,Liège,50,9052,55,8553,0,0,499
3505,2020-08-28,Liège,70,9122,61,8614,0,0,508
3506,2020-08-29,Liège,16,9138,32,8646,0,0,492
3507,2020-08-30,Liège,7,9145,6,8652,0,0,493
3508,2020-08-31,Liège,64,9209,48,8700,0,0,509
3509,2020-09-01,Liège,54,9263,57,8757,0,0,506
3510,2020-09-02,Liège,44,9307,33,8790,0,0,517
3511,2020-09-03,Liège,47,9354,31,8821,0,0,533
3512,2020-09-04,Liège,59,9413,22,8843,0,0,570
3513,2020-09-05,Liège,26,9439,14,8857,0,0,582
3514,2020-09-06,Liège,11,9450,12,8869,0,0,581
3515,2020-09-07,Liège,94,9544,46,8915,0,0,629
3516,2020-09-08,Liège,88,9632,31,8946,0,0,686
3517,2020-09-09,Liège,174,9806,56,9002,0,0,804
3518,2020-09-10,Liège,166,9972,50,9052,0,0,920
3519,2020-09-11,Liège,158,10130,70,9122,0,0,1008
3520,2020-09-12,Liège,81,10211,16,9138,0,0,1073
3521,2020-09-13,Liège,40,10251,7,9145,0,0,1106
3522,2020-09-14,Liège,234,10485,64,9209,0,0,1276
3523,2020-09-15,Liège,236,10721,54,9263,0,0,1458
3524,2020-09-16,Liège,330,11051,44,9307,0,0,1744
3525,2020-09-17,Liège,253,11304,47,9354,0,0,1950
3526,2020-09-18,Liège,222,11526,59,9413,0,0,2113
3527,2020-09-19,Liège,122,11648,26,9439,0,0,2209
3528,2020-09-20,Liège,54,11702,11,9450,0,0,2252
3529,2020-09-21,Liège,260,11962,94,9544,0,0,2418
3530,2020-09-22,Liège,329,12291,88,9632,0,0,2659
3531,2020-09-23,Liège,304,12595,174,9806,0,0,2789
3532,2020-09-24,Liège,184,12779,166,9972,0,0,2807
3533,2020-09-25,Liège,154,12933,158,10130,0,0,2803
3534,2020-09-26,Liège,152,13085,81,10211,0,0,2874
3535,2020-09-27,Liège,66,13151,40,10251,0,0,2900
3536,2020-09-28,Liège,446,13597,234,10485,0,0,3112
3537,2020-09-29,Liège,437,14034,236,10721,0,0,3313
3538,2020-09-30,Liège,472,14506,330,11051,0,0,3455
3539,2020-10-01,Liège,554,15060,253,11304,0,0,3756
3540,2020-10-02,Liège,602,15662,222,11526,0,0,4136
3541,2020-10-03,Liège,383,16045,122,11648,0,0,4397
3542,2020-10-04,Liège,100,16145,54,11702,0,0,4443
3543,2020-10-05,Liège,787,16932,260,11962,0,0,4970
3544,2020-10-06,Liège,1114,18046,329,12291,0,0,5755
3545,2020-10-07,Liège,1097,19143,304,12595,0,0,6548
3546,2020-10-08,Liège,1090,20233,184,12779,0,0,7454
3547,2020-10-09,Liège,1170,21403,154,12933,0,0,8470
3548,2020-10-10,Liège,1025,22428,152,13085,0,0,9343
3549,2020-10-11,Liège,410,22838,66,13151,0,0,9687
3550,2020-10-12,Liège,1624,24462,446,13597,0,0,10865
3551,2020-10-13,Liège,2660,27122,437,14034,0,0,13088
3552,2020-10-14,Liège,2396,29518,472,14506,0,0,15012
3553,2020-10-15,Liège,2396,31914,554,15060,0,0,16854
3554,2020-10-16,Liège,2482,34396,602,15662,0,0,18734
3555,2020-10-17,Liège,1865,36261,383,16045,0,0,20216
3556,2020-10-18,Liège,830,37091,100,16145,0,0,20946
3557,2020-10-19,Liège,2361,39452,787,16932,0,0,22520
3558,2020-10-20,Liège,3187,42639,1114,18046,0,0,24593
3559,2020-10-21,Liège,3061,45700,1097,19143,0,0,26557
3560,2020-10-22,Liège,2969,48669,1090,20233,0,0,28436
3561,2020-10-23,Liège,3781,52450,1170,21403,0,0,31047
3562,2020-10-24,Liège,2485,54935,1025,22428,0,0,32507
3563,2020-10-25,Liège,798,55733,410,22838,0,0,32895
3564,2020-10-26,Liège,3587,59320,1624,24462,0,0,34858
3565,2020-10-27,Liège,4265,63585,2660,27122,0,0,36463
3566,2020-10-28,Liège,3715,67300,2396,29518,0,0,37782
3567,2020-10-29,Liège,2984,70284,2396,31914,0,0,38370
3568,2020-10-30,Liège,2564,72848,2482,34396,0,0,38452
3569,2020-10-31,Liège,1107,73955,1865,36261,0,0,37694
3570,2020-11-01,Liège,182,74137,830,37091,0,0,37046
3571,2020-11-02,Liège,2434,76571,2361,39452,0,0,37119
3572,2020-11-03,Liège,2140,78711,3187,42639,0,0,36072
3573,2020-11-04,Liège,1517,80228,3061,45700,0,0,34528
3574,2020-11-05,Liège,1124,81352,2969,48669,0,0,32683
3575,2020-11-06,Liège,1133,82485,3781,52450,0,0,30035
3576,2020-11-07,Liège,434,82919,2485,54935,0,0,27984
3577,2020-11-08,Liège,90,83009,798,55733,0,0,27276
3578,2020-11-09,Liège,1140,84149,3587,59320,0,0,24829
3579,2020-11-10,Liège,1137,85286,4265,63585,0,0,21701
3580,2020-11-11,Liège,184,85470,3715,67300,0,0,18170
3581,2020-11-12,Liège,881,86351,2984,70284,0,0,16067
3582,2020-11-13,Liège,800,87151,2564,72848,0,0,14303
3583,2020-11-14,Liège,293,87444,1107,73955,0,0,13489
3584,2020-11-15,Liège,57,87501,182,74137,0,0,13364
3585,2020-11-16,Liège,744,88245,2434,76571,0,0,11674
3586,2020-11-17,Liège,617,88862,2140,78711,0,0,10151
3587,2020-11-18,Liège,398,89260,1517,80228,0,0,9032
3588,2020-11-19,Liège,325,89585,1124,81352,0,0,8233
3589,2020-11-20,Liège,358,89943,1133,82485,0,0,7458
3590,2020-11-21,Liège,113,90056,434,82919,0,0,7137
3591,2020-11-22,Liège,28,90084,90,83009,0,0,7075
3592,2020-11-23,Liège,433,90517,1140,84149,0,0,6368
3593,2020-11-24,Liège,293,90810,1137,85286,0,0,5524
3594,2020-11-25,Liège,292,91102,184,85470,0,0,5632
3595,2020-11-26,Liège,264,91366,881,86351,0,0,5015
3596,2020-11-27,Liège,212,91578,800,87151,0,0,4427
3597,2020-11-28,Liège,60,91638,293,87444,0,0,4194
3598,2020-11-29,Liège,13,91651,57,87501,0,0,4150
3599,2020-11-30,Liège,299,91950,744,88245,0,0,3705
3600,2020-12-01,Liège,201,92151,617,88862,0,0,3289
3601,2020-12-02,Liège,233,92384,398,89260,0,0,3124
3602,2020-12-03,Liège,197,92581,325,89585,0,0,2996
3603,2020-12-04,Liège,190,92771,358,89943,0,0,2828
3604,2020-12-05,Liège,60,92831,113,90056,0,0,2775
3605,2020-12-06,Liège,20,92851,28,90084,0,0,2767
3606,2020-12-07,Liège,270,93121,433,90517,0,0,2604
3607,2020-12-08,Liège,211,93332,293,90810,0,0,2522
3608,2020-12-09,Liège,199,93531,292,91102,0,0,2429
3609,2020-12-10,Liège,197,93728,264,91366,0,0,2362
3610,2020-12-11,Liège,212,93940,212,91578,0,0,2362
3611,2020-12-12,Liège,84,94024,60,91638,0,0,2386
3612,2020-12-13,Liège,24,94048,13,91651,0,0,2397
3613,2020-12-14,Liège,259,94307,299,91950,0,0,2357
3614,2020-12-15,Liège,256,94563,201,92151,0,0,2412
3615,2020-12-16,Liège,212,94775,233,92384,0,0,2391
3616,2020-12-17,Liège,217,94992,197,92581,0,0,2411
3617,2020-12-18,Liège,218,95210,190,92771,0,0,2439
3618,2020-12-19,Liège,115,95325,60,92831,0,0,2494
3619,2020-12-20,Liège,19,95344,20,92851,0,0,2493
3620,2020-12-21,Liège,295,95639,270,93121,0,0,2518
3621,2020-12-22,Liège,218,95857,211,93332,0,0,2525
3622,2020-12-23,Liège,190,96047,199,93531,0,0,2516
3623,2020-12-24,Liège,136,96183,197,93728,0,0,2455
3624,2020-12-25,Liège,9,96192,212,93940,0,0,2252
3625,2020-12-26,Liège,76,96268,84,94024,0,0,2244
3626,2020-12-27,Liège,20,96288,24,94048,0,0,2240
3627,2020-12-28,Liège,205,96493,259,94307,0,0,2186
3628,2020-12-29,Liège,207,96700,256,94563,0,0,2137
3629,2020-12-30,Liège,221,96921,212,94775,0,0,2146
3630,2020-12-31,Liège,161,97082,217,94992,0,0,2090
3631,2021-01-01,Liège,13,97095,218,95210,0,0,1885
3632,2021-01-02,Liège,84,97179,115,95325,0,0,1854
3633,2021-01-03,Liège,48,97227,19,95344,0,0,1883
3634,2021-01-04,Liège,269,97496,295,95639,0,0,1857
3635,2021-01-05,Liège,211,97707,218,95857,0,0,1850
3636,2021-01-06,Liège,188,97895,190,96047,0,0,1848
3637,2021-01-07,Liège,178,98073,136,96183,0,0,1890
3638,2021-01-08,Liège,160,98233,9,96192,0,0,2041
3639,2021-01-09,Liège,82,98315,76,96268,0,0,2047
3640,2021-01-10,Liège,20,98335,20,96288,0,0,2047
3641,2021-01-11,Liège,213,98548,205,96493,0,0,2055
3642,2021-01-12,Liège,198,98746,207,96700,0,0,2046
3643,2021-01-13,Liège,138,98884,221,96921,0,0,1963
3644,2021-01-14,Liège,185,99069,161,97082,0,0,1987
3645,2021-01-15,Liège,171,99240,13,97095,0,0,2145
3646,2021-01-16,Liège,72,99312,84,97179,0,0,2133
3647,2021-01-17,Liège,13,99325,48,97227,0,0,2098
3648,2021-01-18,Liège,227,99552,269,97496,0,0,2056
3649,2021-01-19,Liège,177,99729,211,97707,0,0,2022
3650,2021-01-20,Liège,200,99929,188,97895,0,0,2034
3651,2021-01-21,Liège,177,100106,178,98073,0,0,2033
3652,2021-01-22,Liège,195,100301,160,98233,0,0,2068
3653,2021-01-23,Liège,96,100397,82,98315,0,0,2082
3654,2021-01-24,Liège,7,100404,20,98335,0,0,2069
3655,2021-01-25,Liège,238,100642,213,98548,0,0,2094
3656,2021-01-26,Liège,185,100827,198,98746,0,0,2081
3657,2021-01-27,Liège,220,101047,138,98884,0,0,2163
3658,2021-01-28,Liège,205,101252,185,99069,0,0,2183
3659,2021-01-29,Liège,283,101535,171,99240,0,0,2295
3660,2021-01-30,Liège,91,101626,72,99312,0,0,2314
3661,2021-01-31,Liège,18,101644,13,99325,0,0,2319
3662,2021-02-01,Liège,255,101899,227,99552,0,0,2347
3663,2021-02-02,Liège,204,102103,177,99729,0,0,2374
3664,2021-02-03,Liège,149,102252,200,99929,0,0,2323
3665,2021-02-04,Liège,174,102426,177,100106,0,0,2320
3666,2021-02-05,Liège,185,102611,195,100301,0,0,2310
3667,2021-02-06,Liège,82,102693,96,100397,0,0,2296
3668,2021-02-07,Liège,13,102706,7,100404,0,0,2302
3669,2021-02-08,Liège,185,102891,238,100642,0,0,2249
3670,2021-02-09,Liège,157,103048,185,100827,0,0,2221
3671,2021-02-10,Liège,158,103206,220,101047,0,0,2159
3672,2021-02-11,Liège,165,103371,205,101252,0,0,2119
3673,2021-02-12,Liège,141,103512,283,101535,0,0,1977
3674,2021-02-13,Liège,66,103578,91,101626,0,0,1952
3675,2021-02-14,Liège,16,103594,18,101644,0,0,1950
3676,2021-02-15,Liège,153,103747,255,101899,0,0,1848
3677,2021-02-16,Liège,144,103891,204,102103,0,0,1788
3678,2021-02-17,Liège,150,104041,149,102252,0,0,1789
3679,2021-02-18,Liège,195,104236,174,102426,0,0,1810
3680,2021-02-19,Liège,198,104434,185,102611,0,0,1823
3681,2021-02-20,Liège,108,104542,82,102693,0,0,1849
3682,2021-02-21,Liège,11,104553,13,102706,0,0,1847
3683,2021-02-22,Liège,208,104761,185,102891,0,0,1870
3684,2021-02-23,Liège,192,104953,157,103048,0,0,1905
3685,2021-02-24,Liège,174,105127,158,103206,0,0,1921
3686,2021-02-25,Liège,153,105280,165,103371,0,0,1909
3687,2021-02-26,Liège,164,105444,141,103512,0,0,1932
3688,2021-02-27,Liège,83,105527,66,103578,0,0,1949
3689,2021-02-28,Liège,6,105533,16,103594,0,0,1939
3690,2021-03-01,Liège,204,105737,153,103747,0,0,1990
3691,2021-03-02,Liège,156,105893,144,103891,0,0,2002
3692,2021-03-03,Liège,157,106050,150,104041,0,0,2009
3693,2021-03-04,Liège,124,106174,195,104236,0,0,1938
3694,2021-03-05,Liège,163,106337,198,104434,0,0,1903
3695,2021-03-06,Liège,73,106410,108,104542,0,0,1868
3696,2021-03-07,Liège,10,106420,11,104553,0,0,1867
3697,2021-03-08,Liège,263,106683,208,104761,0,0,1922
3698,2021-03-09,Liège,236,106919,192,104953,0,0,1966
3699,2021-03-10,Liège,204,107123,174,105127,0,0,1996
3700,2021-03-11,Liège,216,107339,153,105280,0,0,2059
3701,2021-03-12,Liège,205,107544,164,105444,0,0,2100
3702,2021-03-13,Liège,115,107659,83,105527,0,0,2132
3703,2021-03-14,Liège,13,107672,6,105533,0,0,2139
3704,2021-03-15,Liège,264,107936,204,105737,0,0,2199
3705,2021-03-16,Liège,278,108214,156,105893,0,0,2321
3706,2021-03-17,Liège,248,108462,157,106050,0,0,2412
3707,2021-03-18,Liège,326,108788,124,106174,0,0,2614
3708,2021-03-19,Liège,293,109081,163,106337,0,0,2744
3709,2021-03-20,Liège,143,109224,73,106410,0,0,2814
3710,2021-03-21,Liège,27,109251,10,106420,0,0,2831
3711,2021-03-22,Liège,409,109660,263,106683,0,0,2977
3712,2021-03-23,Liège,382,110042,236,106919,0,0,3123
3713,2021-03-24,Liège,355,110397,204,107123,0,0,3274
3714,2021-03-25,Liège,351,110748,216,107339,0,0,3409
3715,2021-03-26,Liège,463,111211,205,107544,0,0,3667
3716,2021-03-27,Liège,197,111408,115,107659,0,0,3749
3717,2021-03-28,Liège,24,111432,13,107672,0,0,3760
3718,2021-03-29,Liège,545,111977,264,107936,0,0,4041
3719,2021-03-30,Liège,365,112342,278,108214,0,0,4128
3720,2021-03-31,Liège,395,112737,248,108462,0,0,4275
3721,2021-04-01,Liège,412,113149,326,108788,0,0,4361
3722,2021-04-02,Liège,375,113524,293,109081,0,0,4443
3723,2021-04-03,Liège,223,113747,143,109224,0,0,4523
3724,2021-04-04,Liège,37,113784,27,109251,0,0,4533
3725,2021-04-05,Liège,43,113827,409,109660,0,0,4167
3726,2021-04-06,Liège,419,114246,382,110042,0,0,4204
3727,2021-04-07,Liège,403,114649,355,110397,0,0,4252
3728,2021-04-08,Liège,366,115015,351,110748,0,0,4267
3729,2021-04-09,Liège,405,115420,463,111211,0,0,4209
3730,2021-04-10,Liège,199,115619,197,111408,0,0,4211
3731,2021-04-11,Liège,29,115648,24,111432,0,0,4216
3732,2021-04-12,Liège,458,116106,545,111977,0,0,4129
3733,2021-04-13,Liège,463,116569,365,112342,0,0,4227
3734,2021-04-14,Liège,335,116904,395,112737,0,0,4167
3735,2021-04-15,Liège,341,117245,412,113149,0,0,4096
3736,2021-04-16,Liège,367,117612,375,113524,0,0,4088
3737,2021-04-17,Liège,228,117840,223,113747,0,0,4093
3738,2021-04-18,Liège,36,117876,37,113784,0,0,4092
3739,2021-04-19,Liège,536,118412,43,113827,0,0,4585
3740,2021-04-20,Liège,364,118776,419,114246,0,0,4530
3741,2021-04-21,Liège,327,119103,403,114649,0,0,4454
3742,2021-04-22,Liège,378,119481,366,115015,0,0,4466
3743,2021-04-23,Liège,308,119789,405,115420,0,0,4369
3744,2021-04-24,Liège,145,119934,199,115619,0,0,4315
3745,2021-04-25,Liège,27,119961,29,115648,0,0,4313
3746,2021-04-26,Liège,398,120359,458,116106,0,0,4253
3747,2021-04-27,Liège,312,120671,463,116569,0,0,4102
3748,2021-04-28,Liège,323,120994,335,116904,0,0,4090
3749,2021-04-29,Liège,320,121314,341,117245,0,0,4069
3750,2021-04-30,Liège,308,121622,367,117612,0,0,4010
3751,2021-05-01,Liège,58,121680,228,117840,0,0,3840
3752,2021-05-02,Liège,42,121722,36,117876,0,0,3846
3753,2021-05-03,Liège,510,122232,536,118412,0,0,3820
3754,2021-05-04,Liège,382,122614,364,118776,0,0,3838
3755,2021-05-05,Liège,355,122969,327,119103,0,0,3866
3756,2021-05-06,Liège,335,123304,378,119481,0,0,3823
3757,2021-05-07,Liège,328,123632,308,119789,0,0,3843
3758,2021-05-08,Liège,135,123767,145,119934,0,0,3833
3759,2021-05-09,Liège,21,123788,27,119961,0,0,3827
3760,2021-05-10,Liège,338,124126,398,120359,0,0,3767
3761,2021-05-11,Liège,299,124425,312,120671,0,0,3754
3762,2021-05-12,Liège,326,124751,323,120994,0,0,3757
3763,2021-05-13,Liège,41,124792,320,121314,0,0,3478
3764,2021-05-14,Liège,305,125097,308,121622,0,0,3475
3765,2021-05-15,Liège,109,125206,58,121680,0,0,3526
3766,2021-05-16,Liège,26,125232,42,121722,0,0,3510
3767,2021-05-17,Liège,369,125601,510,122232,0,0,3369
3768,2021-05-18,Liège,332,125933,382,122614,0,0,3319
3769,2021-05-19,Liège,334,126267,355,122969,0,0,3298
3770,2021-05-20,Liège,226,126493,335,123304,0,0,3189
3771,2021-05-21,Liège,275,126768,328,123632,0,0,3136
3772,2021-05-22,Liège,144,126912,135,123767,0,0,3145
3773,2021-05-23,Liège,43,126955,21,123788,0,0,3167
3774,2021-05-24,Liège,19,126974,338,124126,0,0,2848
3775,2021-05-25,Liège,369,127343,299,124425,0,0,2918
3776,2021-05-26,Liège,321,127664,326,124751,0,0,2913
3777,2021-05-27,Liège,223,127887,41,124792,0,0,3095
3778,2021-05-28,Liège,249,128136,305,125097,0,0,3039
3779,2021-05-29,Liège,116,128252,109,125206,0,0,3046
3780,2021-05-30,Liège,29,128281,26,125232,0,0,3049
3781,2021-05-31,Liège,244,128525,369,125601,0,0,2924
3782,2021-06-01,Liège,169,128694,332,125933,0,0,2761
3783,2021-06-02,Liège,158,128852,334,126267,0,0,2585
3784,2021-06-03,Liège,143,128995,226,126493,0,0,2502
3785,2021-06-04,Liège,174,129169,275,126768,0,0,2401
3786,2021-06-05,Liège,70,129239,144,126912,0,0,2327
3787,2021-06-06,Liège,17,129256,43,126955,0,0,2301
3788,2021-06-07,Liège,149,129405,19,126974,0,0,2431
3789,2021-06-08,Liège,115,129520,369,127343,0,0,2177
3790,2021-06-09,Liège,90,129610,321,127664,0,0,1946
3791,2021-06-10,Liège,73,129683,223,127887,0,0,1796
3792,2021-06-11,Liège,69,129752,249,128136,0,0,1616
3793,2021-06-12,Liège,48,129800,116,128252,0,0,1548
3794,2021-06-13,Liège,9,129809,29,128281,0,0,1528
3795,2021-06-14,Liège,86,129895,0,128281,0,0,1614
3796,2021-06-15,Liège,67,129962,0,128281,0,0,1681
3797,2021-06-16,Liège,37,129999,0,128281,0,0,1718
3798,2021-06-17,Liège,0,129999,0,128281,0,0,1718
3799,2021-06-18,Liège,0,129999,0,128281,0,0,1718
3800,2020-03-01,Hainaut,0,0,0,0,0,0,0
3801,2020-03-02,Hainaut,0,0,0,0,0,0,0
3802,2020-03-03,Hainaut,1,1,0,0,0,0,1
3803,2020-03-04,Hainaut,6,7,0,0,0,0,7
3804,2020-03-05,Hainaut,10,17,0,0,0,0,17
3805,2020-03-06,Hainaut,4,21,0,0,0,0,21
3806,2020-03-07,Hainaut,1,22,0,0,0,0,22
3807,2020-03-08,Hainaut,4,26,0,0,0,0,26
3808,2020-03-09,Hainaut,12,38,0,0,0,0,38
3809,2020-03-10,Hainaut,7,45,0,0,0,0,45
3810,2020-03-11,Hainaut,13,58,0,0,0,0,58
3811,2020-03-12,Hainaut,28,86,0,0,0,0,86
3812,2020-03-13,Hainaut,55,141,0,0,0,0,141
3813,2020-03-14,Hainaut,35,176,0,0,0,0,176
3814,2020-03-15,Hainaut,30,206,0,0,0,0,206
3815,2020-03-16,Hainaut,46,252,0,0,0,0,252
3816,2020-03-17,Hainaut,52,304,1,1,0,0,303
3817,2020-03-18,Hainaut,77,381,6,7,0,0,374
3818,2020-03-19,Hainaut,72,453,10,17,0,0,436
3819,2020-03-20,Hainaut,79,532,4,21,0,0,511
3820,2020-03-21,Hainaut,58,590,1,22,0,0,568
3821,2020-03-22,Hainaut,64,654,4,26,0,0,628
3822,2020-03-23,Hainaut,121,775,12,38,0,0,737
3823,2020-03-24,Hainaut,130,905,7,45,0,0,860
3824,2020-03-25,Hainaut,114,1019,13,58,0,0,961
3825,2020-03-26,Hainaut,112,1131,28,86,0,0,1045
3826,2020-03-27,Hainaut,151,1282,55,141,0,0,1141
3827,2020-03-28,Hainaut,104,1386,35,176,0,0,1210
3828,2020-03-29,Hainaut,108,1494,30,206,0,0,1288
3829,2020-03-30,Hainaut,154,1648,46,252,0,0,1396
3830,2020-03-31,Hainaut,233,1881,52,304,0,0,1577
3831,2020-04-01,Hainaut,134,2015,77,381,0,0,1634
3832,2020-04-02,Hainaut,133,2148,72,453,0,0,1695
3833,2020-04-03,Hainaut,198,2346,79,532,0,0,1814
3834,2020-04-04,Hainaut,72,2418,58,590,0,0,1828
3835,2020-04-05,Hainaut,78,2496,64,654,0,0,1842
3836,2020-04-06,Hainaut,224,2720,121,775,0,0,1945
3837,2020-04-07,Hainaut,153,2873,130,905,0,0,1968
3838,2020-04-08,Hainaut,166,3039,114,1019,0,0,2020
3839,2020-04-09,Hainaut,272,3311,112,1131,0,0,2180
3840,2020-04-10,Hainaut,247,3558,151,1282,0,0,2276
3841,2020-04-11,Hainaut,59,3617,104,1386,0,0,2231
3842,2020-04-12,Hainaut,44,3661,108,1494,0,0,2167
3843,2020-04-13,Hainaut,55,3716,154,1648,0,0,2068
3844,2020-04-14,Hainaut,182,3898,233,1881,0,0,2017
3845,2020-04-15,Hainaut,145,4043,134,2015,0,0,2028
3846,2020-04-16,Hainaut,222,4265,133,2148,0,0,2117
3847,2020-04-17,Hainaut,174,4439,198,2346,0,0,2093
3848,2020-04-18,Hainaut,221,4660,72,2418,0,0,2242
3849,2020-04-19,Hainaut,62,4722,78,2496,0,0,2226
3850,2020-04-20,Hainaut,170,4892,224,2720,0,0,2172
3851,2020-04-21,Hainaut,307,5199,153,2873,0,0,2326
3852,2020-04-22,Hainaut,100,5299,166,3039,0,0,2260
3853,2020-04-23,Hainaut,163,5462,272,3311,0,0,2151
3854,2020-04-24,Hainaut,72,5534,247,3558,0,0,1976
3855,2020-04-25,Hainaut,43,5577,59,3617,0,0,1960
3856,2020-04-26,Hainaut,38,5615,44,3661,0,0,1954
3857,2020-04-27,Hainaut,90,5705,55,3716,0,0,1989
3858,2020-04-28,Hainaut,48,5753,182,3898,0,0,1855
3859,2020-04-29,Hainaut,36,5789,145,4043,0,0,1746
3860,2020-04-30,Hainaut,66,5855,222,4265,0,0,1590
3861,2020-05-01,Hainaut,16,5871,174,4439,0,0,1432
3862,2020-05-02,Hainaut,47,5918,221,4660,0,0,1258
3863,2020-05-03,Hainaut,8,5926,62,4722,0,0,1204
3864,2020-05-04,Hainaut,44,5970,170,4892,0,0,1078
3865,2020-05-05,Hainaut,49,6019,307,5199,0,0,820
3866,2020-05-06,Hainaut,63,6082,100,5299,0,0,783
3867,2020-05-07,Hainaut,36,6118,163,5462,0,0,656
3868,2020-05-08,Hainaut,63,6181,72,5534,0,0,647
3869,2020-05-09,Hainaut,28,6209,43,5577,0,0,632
3870,2020-05-10,Hainaut,10,6219,38,5615,0,0,604
3871,2020-05-11,Hainaut,40,6259,90,5705,0,0,554
3872,2020-05-12,Hainaut,54,6313,48,5753,0,0,560
3873,2020-05-13,Hainaut,32,6345,36,5789,0,0,556
3874,2020-05-14,Hainaut,34,6379,66,5855,0,0,524
3875,2020-05-15,Hainaut,47,6426,16,5871,0,0,555
3876,2020-05-16,Hainaut,10,6436,47,5918,0,0,518
3877,2020-05-17,Hainaut,6,6442,8,5926,0,0,516
3878,2020-05-18,Hainaut,30,6472,44,5970,0,0,502
3879,2020-05-19,Hainaut,19,6491,49,6019,0,0,472
3880,2020-05-20,Hainaut,54,6545,63,6082,0,0,463
3881,2020-05-21,Hainaut,7,6552,36,6118,0,0,434
3882,2020-05-22,Hainaut,20,6572,63,6181,0,0,391
3883,2020-05-23,Hainaut,13,6585,28,6209,0,0,376
3884,2020-05-24,Hainaut,8,6593,10,6219,0,0,374
3885,2020-05-25,Hainaut,65,6658,40,6259,0,0,399
3886,2020-05-26,Hainaut,15,6673,54,6313,0,0,360
3887,2020-05-27,Hainaut,24,6697,32,6345,0,0,352
3888,2020-05-28,Hainaut,25,6722,34,6379,0,0,343
3889,2020-05-29,Hainaut,6,6728,47,6426,0,0,302
3890,2020-05-30,Hainaut,3,6731,10,6436,0,0,295
3891,2020-05-31,Hainaut,4,6735,6,6442,0,0,293
3892,2020-06-01,Hainaut,6,6741,30,6472,0,0,269
3893,2020-06-02,Hainaut,21,6762,19,6491,0,0,271
3894,2020-06-03,Hainaut,15,6777,54,6545,0,0,232
3895,2020-06-04,Hainaut,11,6788,7,6552,0,0,236
3896,2020-06-05,Hainaut,19,6807,20,6572,0,0,235
3897,2020-06-06,Hainaut,5,6812,13,6585,0,0,227
3898,2020-06-07,Hainaut,7,6819,8,6593,0,0,226
3899,2020-06-08,Hainaut,13,6832,65,6658,0,0,174
3900,2020-06-09,Hainaut,18,6850,15,6673,0,0,177
3901,2020-06-10,Hainaut,21,6871,24,6697,0,0,174
3902,2020-06-11,Hainaut,18,6889,25,6722,0,0,167
3903,2020-06-12,Hainaut,11,6900,6,6728,0,0,172
3904,2020-06-13,Hainaut,4,6904,3,6731,0,0,173
3905,2020-06-14,Hainaut,1,6905,4,6735,0,0,170
3906,2020-06-15,Hainaut,20,6925,6,6741,0,0,184
3907,2020-06-16,Hainaut,10,6935,21,6762,0,0,173
3908,2020-06-17,Hainaut,13,6948,15,6777,0,0,171
3909,2020-06-18,Hainaut,5,6953,11,6788,0,0,165
3910,2020-06-19,Hainaut,8,6961,19,6807,0,0,154
3911,2020-06-20,Hainaut,9,6970,5,6812,0,0,158
3912,2020-06-21,Hainaut,1,6971,7,6819,0,0,152
3913,2020-06-22,Hainaut,33,7004,13,6832,0,0,172
3914,2020-06-23,Hainaut,11,7015,18,6850,0,0,165
3915,2020-06-24,Hainaut,12,7027,21,6871,0,0,156
3916,2020-06-25,Hainaut,12,7039,18,6889,0,0,150
3917,2020-06-26,Hainaut,15,7054,11,6900,0,0,154
3918,2020-06-27,Hainaut,5,7059,4,6904,0,0,155
3919,2020-06-28,Hainaut,5,7064,1,6905,0,0,159
3920,2020-06-29,Hainaut,5,7069,20,6925,0,0,144
3921,2020-06-30,Hainaut,13,7082,10,6935,0,0,147
3922,2020-07-01,Hainaut,15,7097,13,6948,0,0,149
3923,2020-07-02,Hainaut,11,7108,5,6953,0,0,155
3924,2020-07-03,Hainaut,13,7121,8,6961,0,0,160
3925,2020-07-04,Hainaut,12,7133,9,6970,0,0,163
3926,2020-07-05,Hainaut,0,7133,1,6971,0,0,162
3927,2020-07-06,Hainaut,6,7139,33,7004,0,0,135
3928,2020-07-07,Hainaut,4,7143,11,7015,0,0,128
3929,2020-07-08,Hainaut,7,7150,12,7027,0,0,123
3930,2020-07-09,Hainaut,8,7158,12,7039,0,0,119
3931,2020-07-10,Hainaut,10,7168,15,7054,0,0,114
3932,2020-07-11,Hainaut,6,7174,5,7059,0,0,115
3933,2020-07-12,Hainaut,3,7177,5,7064,0,0,113
3934,2020-07-13,Hainaut,19,7196,5,7069,0,0,127
3935,2020-07-14,Hainaut,18,7214,13,7082,0,0,132
3936,2020-07-15,Hainaut,16,7230,15,7097,0,0,133
3937,2020-07-16,Hainaut,26,7256,11,7108,0,0,148
3938,2020-07-17,Hainaut,18,7274,13,7121,0,0,153
3939,2020-07-18,Hainaut,9,7283,12,7133,0,0,150
3940,2020-07-19,Hainaut,5,7288,0,7133,0,0,155
3941,2020-07-20,Hainaut,25,7313,6,7139,0,0,174
3942,2020-07-21,Hainaut,10,7323,4,7143,0,0,180
3943,2020-07-22,Hainaut,33,7356,7,7150,0,0,206
3944,2020-07-23,Hainaut,9,7365,8,7158,0,0,207
3945,2020-07-24,Hainaut,40,7405,10,7168,0,0,237
3946,2020-07-25,Hainaut,20,7425,6,7174,0,0,251
3947,2020-07-26,Hainaut,8,7433,3,7177,0,0,256
3948,2020-07-27,Hainaut,30,7463,19,7196,0,0,267
3949,2020-07-28,Hainaut,38,7501,18,7214,0,0,287
3950,2020-07-29,Hainaut,58,7559,16,7230,0,0,329
3951,2020-07-30,Hainaut,37,7596,26,7256,0,0,340
3952,2020-07-31,Hainaut,36,7632,18,7274,0,0,358
3953,2020-08-01,Hainaut,28,7660,9,7283,0,0,377
3954,2020-08-02,Hainaut,14,7674,5,7288,0,0,386
3955,2020-08-03,Hainaut,62,7736,25,7313,0,0,423
3956,2020-08-04,Hainaut,52,7788,10,7323,0,0,465
3957,2020-08-05,Hainaut,61,7849,33,7356,0,0,493
3958,2020-08-06,Hainaut,55,7904,9,7365,0,0,539
3959,2020-08-07,Hainaut,44,7948,40,7405,0,0,543
3960,2020-08-08,Hainaut,13,7961,20,7425,0,0,536
3961,2020-08-09,Hainaut,8,7969,8,7433,0,0,536
3962,2020-08-10,Hainaut,53,8022,30,7463,0,0,559
3963,2020-08-11,Hainaut,58,8080,38,7501,0,0,579
3964,2020-08-12,Hainaut,29,8109,58,7559,0,0,550
3965,2020-08-13,Hainaut,47,8156,37,7596,0,0,560
3966,2020-08-14,Hainaut,41,8197,36,7632,0,0,565
3967,2020-08-15,Hainaut,6,8203,28,7660,0,0,543
3968,2020-08-16,Hainaut,10,8213,14,7674,0,0,539
3969,2020-08-17,Hainaut,70,8283,62,7736,0,0,547
3970,2020-08-18,Hainaut,54,8337,52,7788,0,0,549
3971,2020-08-19,Hainaut,65,8402,61,7849,0,0,553
3972,2020-08-20,Hainaut,61,8463,55,7904,0,0,559
3973,2020-08-21,Hainaut,54,8517,44,7948,0,0,569
3974,2020-08-22,Hainaut,15,8532,13,7961,0,0,571
3975,2020-08-23,Hainaut,6,8538,8,7969,0,0,569
3976,2020-08-24,Hainaut,40,8578,53,8022,0,0,556
3977,2020-08-25,Hainaut,37,8615,58,8080,0,0,535
3978,2020-08-26,Hainaut,37,8652,29,8109,0,0,543
3979,2020-08-27,Hainaut,61,8713,47,8156,0,0,557
3980,2020-08-28,Hainaut,62,8775,41,8197,0,0,578
3981,2020-08-29,Hainaut,19,8794,6,8203,0,0,591
3982,2020-08-30,Hainaut,3,8797,10,8213,0,0,584
3983,2020-08-31,Hainaut,40,8837,70,8283,0,0,554
3984,2020-09-01,Hainaut,45,8882,54,8337,0,0,545
3985,2020-09-02,Hainaut,69,8951,65,8402,0,0,549
3986,2020-09-03,Hainaut,44,8995,61,8463,0,0,532
3987,2020-09-04,Hainaut,73,9068,54,8517,0,0,551
3988,2020-09-05,Hainaut,35,9103,15,8532,0,0,571
3989,2020-09-06,Hainaut,8,9111,6,8538,0,0,573
3990,2020-09-07,Hainaut,61,9172,40,8578,0,0,594
3991,2020-09-08,Hainaut,75,9247,37,8615,0,0,632
3992,2020-09-09,Hainaut,88,9335,37,8652,0,0,683
3993,2020-09-10,Hainaut,78,9413,61,8713,0,0,700
3994,2020-09-11,Hainaut,133,9546,62,8775,0,0,771
3995,2020-09-12,Hainaut,63,9609,19,8794,0,0,815
3996,2020-09-13,Hainaut,15,9624,3,8797,0,0,827
3997,2020-09-14,Hainaut,144,9768,40,8837,0,0,931
3998,2020-09-15,Hainaut,180,9948,45,8882,0,0,1066
3999,2020-09-16,Hainaut,165,10113,69,8951,0,0,1162
4000,2020-09-17,Hainaut,162,10275,44,8995,0,0,1280
4001,2020-09-18,Hainaut,153,10428,73,9068,0,0,1360
4002,2020-09-19,Hainaut,109,10537,35,9103,0,0,1434
4003,2020-09-20,Hainaut,53,10590,8,9111,0,0,1479
4004,2020-09-21,Hainaut,274,10864,61,9172,0,0,1692
4005,2020-09-22,Hainaut,233,11097,75,9247,0,0,1850
4006,2020-09-23,Hainaut,222,11319,88,9335,0,0,1984
4007,2020-09-24,Hainaut,202,11521,78,9413,0,0,2108
4008,2020-09-25,Hainaut,150,11671,133,9546,0,0,2125
4009,2020-09-26,Hainaut,87,11758,63,9609,0,0,2149
4010,2020-09-27,Hainaut,76,11834,15,9624,0,0,2210
4011,2020-09-28,Hainaut,268,12102,144,9768,0,0,2334
4012,2020-09-29,Hainaut,374,12476,180,9948,0,0,2528
4013,2020-09-30,Hainaut,385,12861,165,10113,0,0,2748
4014,2020-10-01,Hainaut,378,13239,162,10275,0,0,2964
4015,2020-10-02,Hainaut,644,13883,153,10428,0,0,3455
4016,2020-10-03,Hainaut,214,14097,109,10537,0,0,3560
4017,2020-10-04,Hainaut,168,14265,53,10590,0,0,3675
4018,2020-10-05,Hainaut,694,14959,274,10864,0,0,4095
4019,2020-10-06,Hainaut,686,15645,233,11097,0,0,4548
4020,2020-10-07,Hainaut,1181,16826,222,11319,0,0,5507
4021,2020-10-08,Hainaut,904,17730,202,11521,0,0,6209
4022,2020-10-09,Hainaut,1285,19015,150,11671,0,0,7344
4023,2020-10-10,Hainaut,650,19665,87,11758,0,0,7907
4024,2020-10-11,Hainaut,467,20132,76,11834,0,0,8298
4025,2020-10-12,Hainaut,1630,21762,268,12102,0,0,9660
4026,2020-10-13,Hainaut,2153,23915,374,12476,0,0,11439
4027,2020-10-14,Hainaut,2091,26006,385,12861,0,0,13145
4028,2020-10-15,Hainaut,2178,28184,378,13239,0,0,14945
4029,2020-10-16,Hainaut,2070,30254,644,13883,0,0,16371
4030,2020-10-17,Hainaut,1560,31814,214,14097,0,0,17717
4031,2020-10-18,Hainaut,848,32662,168,14265,0,0,18397
4032,2020-10-19,Hainaut,2022,34684,694,14959,0,0,19725
4033,2020-10-20,Hainaut,3265,37949,686,15645,0,0,22304
4034,2020-10-21,Hainaut,3239,41188,1181,16826,0,0,24362
4035,2020-10-22,Hainaut,3085,44273,904,17730,0,0,26543
4036,2020-10-23,Hainaut,3383,47656,1285,19015,0,0,28641
4037,2020-10-24,Hainaut,2241,49897,650,19665,0,0,30232
4038,2020-10-25,Hainaut,1347,51244,467,20132,0,0,31112
4039,2020-10-26,Hainaut,2641,53885,1630,21762,0,0,32123
4040,2020-10-27,Hainaut,3953,57838,2153,23915,0,0,33923
4041,2020-10-28,Hainaut,3797,61635,2091,26006,0,0,35629
4042,2020-10-29,Hainaut,3215,64850,2178,28184,0,0,36666
4043,2020-10-30,Hainaut,3272,68122,2070,30254,0,0,37868
4044,2020-10-31,Hainaut,1465,69587,1560,31814,0,0,37773
4045,2020-11-01,Hainaut,734,70321,848,32662,0,0,37659
4046,2020-11-02,Hainaut,1924,72245,2022,34684,0,0,37561
4047,2020-11-03,Hainaut,2838,75083,3265,37949,0,0,37134
4048,2020-11-04,Hainaut,2047,77130,3239,41188,0,0,35942
4049,2020-11-05,Hainaut,1781,78911,3085,44273,0,0,34638
4050,2020-11-06,Hainaut,1218,80129,3383,47656,0,0,32473
4051,2020-11-07,Hainaut,477,80606,2241,49897,0,0,30709
4052,2020-11-08,Hainaut,336,80942,1347,51244,0,0,29698
4053,2020-11-09,Hainaut,1467,82409,2641,53885,0,0,28524
4054,2020-11-10,Hainaut,1568,83977,3953,57838,0,0,26139
4055,2020-11-11,Hainaut,423,84400,3797,61635,0,0,22765
4056,2020-11-12,Hainaut,1217,85617,3215,64850,0,0,20767
4057,2020-11-13,Hainaut,1123,86740,3272,68122,0,0,18618
4058,2020-11-14,Hainaut,446,87186,1465,69587,0,0,17599
4059,2020-11-15,Hainaut,223,87409,734,70321,0,0,17088
4060,2020-11-16,Hainaut,855,88264,1924,72245,0,0,16019
4061,2020-11-17,Hainaut,1044,89308,2838,75083,0,0,14225
4062,2020-11-18,Hainaut,638,89946,2047,77130,0,0,12816
4063,2020-11-19,Hainaut,529,90475,1781,78911,0,0,11564
4064,2020-11-20,Hainaut,451,90926,1218,80129,0,0,10797
4065,2020-11-21,Hainaut,229,91155,477,80606,0,0,10549
4066,2020-11-22,Hainaut,68,91223,336,80942,0,0,10281
4067,2020-11-23,Hainaut,551,91774,1467,82409,0,0,9365
4068,2020-11-24,Hainaut,430,92204,1568,83977,0,0,8227
4069,2020-11-25,Hainaut,396,92600,423,84400,0,0,8200
4070,2020-11-26,Hainaut,357,92957,1217,85617,0,0,7340
4071,2020-11-27,Hainaut,398,93355,1123,86740,0,0,6615
4072,2020-11-28,Hainaut,135,93490,446,87186,0,0,6304
4073,2020-11-29,Hainaut,59,93549,223,87409,0,0,6140
4074,2020-11-30,Hainaut,382,93931,855,88264,0,0,5667
4075,2020-12-01,Hainaut,440,94371,1044,89308,0,0,5063
4076,2020-12-02,Hainaut,329,94700,638,89946,0,0,4754
4077,2020-12-03,Hainaut,313,95013,529,90475,0,0,4538
4078,2020-12-04,Hainaut,365,95378,451,90926,0,0,4452
4079,2020-12-05,Hainaut,153,95531,229,91155,0,0,4376
4080,2020-12-06,Hainaut,50,95581,68,91223,0,0,4358
4081,2020-12-07,Hainaut,442,96023,551,91774,0,0,4249
4082,2020-12-08,Hainaut,423,96446,430,92204,0,0,4242
4083,2020-12-09,Hainaut,385,96831,396,92600,0,0,4231
4084,2020-12-10,Hainaut,366,97197,357,92957,0,0,4240
4085,2020-12-11,Hainaut,384,97581,398,93355,0,0,4226
4086,2020-12-12,Hainaut,238,97819,135,93490,0,0,4329
4087,2020-12-13,Hainaut,80,97899,59,93549,0,0,4350
4088,2020-12-14,Hainaut,428,98327,382,93931,0,0,4396
4089,2020-12-15,Hainaut,349,98676,440,94371,0,0,4305
4090,2020-12-16,Hainaut,345,99021,329,94700,0,0,4321
4091,2020-12-17,Hainaut,327,99348,313,95013,0,0,4335
4092,2020-12-18,Hainaut,420,99768,365,95378,0,0,4390
4093,2020-12-19,Hainaut,193,99961,153,95531,0,0,4430
4094,2020-12-20,Hainaut,41,100002,50,95581,0,0,4421
4095,2020-12-21,Hainaut,486,100488,442,96023,0,0,4465
4096,2020-12-22,Hainaut,327,100815,423,96446,0,0,4369
4097,2020-12-23,Hainaut,279,101094,385,96831,0,0,4263
4098,2020-12-24,Hainaut,238,101332,366,97197,0,0,4135
4099,2020-12-25,Hainaut,34,101366,384,97581,0,0,3785
4100,2020-12-26,Hainaut,64,101430,238,97819,0,0,3611
4101,2020-12-27,Hainaut,43,101473,80,97899,0,0,3574
4102,2020-12-28,Hainaut,262,101735,428,98327,0,0,3408
4103,2020-12-29,Hainaut,278,102013,349,98676,0,0,3337
4104,2020-12-30,Hainaut,237,102250,345,99021,0,0,3229
4105,2020-12-31,Hainaut,226,102476,327,99348,0,0,3128
4106,2021-01-01,Hainaut,31,102507,420,99768,0,0,2739
4107,2021-01-02,Hainaut,89,102596,193,99961,0,0,2635
4108,2021-01-03,Hainaut,48,102644,41,100002,0,0,2642
4109,2021-01-04,Hainaut,356,103000,486,100488,0,0,2512
4110,2021-01-05,Hainaut,330,103330,327,100815,0,0,2515
4111,2021-01-06,Hainaut,248,103578,279,101094,0,0,2484
4112,2021-01-07,Hainaut,232,103810,238,101332,0,0,2478
4113,2021-01-08,Hainaut,222,104032,34,101366,0,0,2666
4114,2021-01-09,Hainaut,104,104136,64,101430,0,0,2706
4115,2021-01-10,Hainaut,63,104199,43,101473,0,0,2726
4116,2021-01-11,Hainaut,349,104548,262,101735,0,0,2813
4117,2021-01-12,Hainaut,273,104821,278,102013,0,0,2808
4118,2021-01-13,Hainaut,247,105068,237,102250,0,0,2818
4119,2021-01-14,Hainaut,241,105309,226,102476,0,0,2833
4120,2021-01-15,Hainaut,258,105567,31,102507,0,0,3060
4121,2021-01-16,Hainaut,119,105686,89,102596,0,0,3090
4122,2021-01-17,Hainaut,94,105780,48,102644,0,0,3136
4123,2021-01-18,Hainaut,299,106079,356,103000,0,0,3079
4124,2021-01-19,Hainaut,327,106406,330,103330,0,0,3076
4125,2021-01-20,Hainaut,246,106652,248,103578,0,0,3074
4126,2021-01-21,Hainaut,280,106932,232,103810,0,0,3122
4127,2021-01-22,Hainaut,304,107236,222,104032,0,0,3204
4128,2021-01-23,Hainaut,143,107379,104,104136,0,0,3243
4129,2021-01-24,Hainaut,64,107443,63,104199,0,0,3244
4130,2021-01-25,Hainaut,462,107905,349,104548,0,0,3357
4131,2021-01-26,Hainaut,407,108312,273,104821,0,0,3491
4132,2021-01-27,Hainaut,323,108635,247,105068,0,0,3567
4133,2021-01-28,Hainaut,311,108946,241,105309,0,0,3637
4134,2021-01-29,Hainaut,355,109301,258,105567,0,0,3734
4135,2021-01-30,Hainaut,171,109472,119,105686,0,0,3786
4136,2021-01-31,Hainaut,108,109580,94,105780,0,0,3800
4137,2021-02-01,Hainaut,455,110035,299,106079,0,0,3956
4138,2021-02-02,Hainaut,343,110378,327,106406,0,0,3972
4139,2021-02-03,Hainaut,295,110673,246,106652,0,0,4021
4140,2021-02-04,Hainaut,298,110971,280,106932,0,0,4039
4141,2021-02-05,Hainaut,303,111274,304,107236,0,0,4038
4142,2021-02-06,Hainaut,172,111446,143,107379,0,0,4067
4143,2021-02-07,Hainaut,55,111501,64,107443,0,0,4058
4144,2021-02-08,Hainaut,317,111818,462,107905,0,0,3913
4145,2021-02-09,Hainaut,280,112098,407,108312,0,0,3786
4146,2021-02-10,Hainaut,241,112339,323,108635,0,0,3704
4147,2021-02-11,Hainaut,247,112586,311,108946,0,0,3640
4148,2021-02-12,Hainaut,215,112801,355,109301,0,0,3500
4149,2021-02-13,Hainaut,109,112910,171,109472,0,0,3438
4150,2021-02-14,Hainaut,53,112963,108,109580,0,0,3383
4151,2021-02-15,Hainaut,295,113258,455,110035,0,0,3223
4152,2021-02-16,Hainaut,255,113513,343,110378,0,0,3135
4153,2021-02-17,Hainaut,268,113781,295,110673,0,0,3108
4154,2021-02-18,Hainaut,263,114044,298,110971,0,0,3073
4155,2021-02-19,Hainaut,294,114338,303,111274,0,0,3064
4156,2021-02-20,Hainaut,155,114493,172,111446,0,0,3047
4157,2021-02-21,Hainaut,81,114574,55,111501,0,0,3073
4158,2021-02-22,Hainaut,343,114917,317,111818,0,0,3099
4159,2021-02-23,Hainaut,390,115307,280,112098,0,0,3209
4160,2021-02-24,Hainaut,367,115674,241,112339,0,0,3335
4161,2021-02-25,Hainaut,373,116047,247,112586,0,0,3461
4162,2021-02-26,Hainaut,418,116465,215,112801,0,0,3664
4163,2021-02-27,Hainaut,191,116656,109,112910,0,0,3746
4164,2021-02-28,Hainaut,58,116714,53,112963,0,0,3751
4165,2021-03-01,Hainaut,430,117144,295,113258,0,0,3886
4166,2021-03-02,Hainaut,374,117518,255,113513,0,0,4005
4167,2021-03-03,Hainaut,330,117848,268,113781,0,0,4067
4168,2021-03-04,Hainaut,403,118251,263,114044,0,0,4207
4169,2021-03-05,Hainaut,386,118637,294,114338,0,0,4299
4170,2021-03-06,Hainaut,196,118833,155,114493,0,0,4340
4171,2021-03-07,Hainaut,94,118927,81,114574,0,0,4353
4172,2021-03-08,Hainaut,433,119360,343,114917,0,0,4443
4173,2021-03-09,Hainaut,491,119851,390,115307,0,0,4544
4174,2021-03-10,Hainaut,461,120312,367,115674,0,0,4638
4175,2021-03-11,Hainaut,519,120831,373,116047,0,0,4784
4176,2021-03-12,Hainaut,552,121383,418,116465,0,0,4918
4177,2021-03-13,Hainaut,310,121693,191,116656,0,0,5037
4178,2021-03-14,Hainaut,145,121838,58,116714,0,0,5124
4179,2021-03-15,Hainaut,665,122503,430,117144,0,0,5359
4180,2021-03-16,Hainaut,642,123145,374,117518,0,0,5627
4181,2021-03-17,Hainaut,666,123811,330,117848,0,0,5963
4182,2021-03-18,Hainaut,656,124467,403,118251,0,0,6216
4183,2021-03-19,Hainaut,696,125163,386,118637,0,0,6526
4184,2021-03-20,Hainaut,384,125547,196,118833,0,0,6714
4185,2021-03-21,Hainaut,163,125710,94,118927,0,0,6783
4186,2021-03-22,Hainaut,739,126449,433,119360,0,0,7089
4187,2021-03-23,Hainaut,802,127251,491,119851,0,0,7400
4188,2021-03-24,Hainaut,740,127991,461,120312,0,0,7679
4189,2021-03-25,Hainaut,821,128812,519,120831,0,0,7981
4190,2021-03-26,Hainaut,782,129594,552,121383,0,0,8211
4191,2021-03-27,Hainaut,495,130089,310,121693,0,0,8396
4192,2021-03-28,Hainaut,108,130197,145,121838,0,0,8359
4193,2021-03-29,Hainaut,783,130980,665,122503,0,0,8477
4194,2021-03-30,Hainaut,797,131777,642,123145,0,0,8632
4195,2021-03-31,Hainaut,693,132470,666,123811,0,0,8659
4196,2021-04-01,Hainaut,652,133122,656,124467,0,0,8655
4197,2021-04-02,Hainaut,673,133795,696,125163,0,0,8632
4198,2021-04-03,Hainaut,388,134183,384,125547,0,0,8636
4199,2021-04-04,Hainaut,126,134309,163,125710,0,0,8599
4200,2021-04-05,Hainaut,157,134466,739,126449,0,0,8017
4201,2021-04-06,Hainaut,712,135178,802,127251,0,0,7927
4202,2021-04-07,Hainaut,681,135859,740,127991,0,0,7868
4203,2021-04-08,Hainaut,635,136494,821,128812,0,0,7682
4204,2021-04-09,Hainaut,718,137212,782,129594,0,0,7618
4205,2021-04-10,Hainaut,284,137496,495,130089,0,0,7407
4206,2021-04-11,Hainaut,115,137611,108,130197,0,0,7414
4207,2021-04-12,Hainaut,668,138279,783,130980,0,0,7299
4208,2021-04-13,Hainaut,652,138931,797,131777,0,0,7154
4209,2021-04-14,Hainaut,522,139453,693,132470,0,0,6983
4210,2021-04-15,Hainaut,577,140030,652,133122,0,0,6908
4211,2021-04-16,Hainaut,549,140579,673,133795,0,0,6784
4212,2021-04-17,Hainaut,318,140897,388,134183,0,0,6714
4213,2021-04-18,Hainaut,128,141025,126,134309,0,0,6716
4214,2021-04-19,Hainaut,706,141731,157,134466,0,0,7265
4215,2021-04-20,Hainaut,734,142465,712,135178,0,0,7287
4216,2021-04-21,Hainaut,649,143114,681,135859,0,0,7255
4217,2021-04-22,Hainaut,550,143664,635,136494,0,0,7170
4218,2021-04-23,Hainaut,497,144161,718,137212,0,0,6949
4219,2021-04-24,Hainaut,274,144435,284,137496,0,0,6939
4220,2021-04-25,Hainaut,68,144503,115,137611,0,0,6892
4221,2021-04-26,Hainaut,591,145094,668,138279,0,0,6815
4222,2021-04-27,Hainaut,631,145725,652,138931,0,0,6794
4223,2021-04-28,Hainaut,458,146183,522,139453,0,0,6730
4224,2021-04-29,Hainaut,457,146640,577,140030,0,0,6610
4225,2021-04-30,Hainaut,507,147147,549,140579,0,0,6568
4226,2021-05-01,Hainaut,144,147291,318,140897,0,0,6394
4227,2021-05-02,Hainaut,84,147375,128,141025,0,0,6350
4228,2021-05-03,Hainaut,587,147962,706,141731,0,0,6231
4229,2021-05-04,Hainaut,528,148490,734,142465,0,0,6025
4230,2021-05-05,Hainaut,524,149014,649,143114,0,0,5900
4231,2021-05-06,Hainaut,499,149513,550,143664,0,0,5849
4232,2021-05-07,Hainaut,509,150022,497,144161,0,0,5861
4233,2021-05-08,Hainaut,279,150301,274,144435,0,0,5866
4234,2021-05-09,Hainaut,70,150371,68,144503,0,0,5868
4235,2021-05-10,Hainaut,442,150813,591,145094,0,0,5719
4236,2021-05-11,Hainaut,521,151334,631,145725,0,0,5609
4237,2021-05-12,Hainaut,443,151777,458,146183,0,0,5594
4238,2021-05-13,Hainaut,131,151908,457,146640,0,0,5268
4239,2021-05-14,Hainaut,383,152291,507,147147,0,0,5144
4240,2021-05-15,Hainaut,150,152441,144,147291,0,0,5150
4241,2021-05-16,Hainaut,63,152504,84,147375,0,0,5129
4242,2021-05-17,Hainaut,516,153020,587,147962,0,0,5058
4243,2021-05-18,Hainaut,555,153575,528,148490,0,0,5085
4244,2021-05-19,Hainaut,419,153994,524,149014,0,0,4980
4245,2021-05-20,Hainaut,422,154416,499,149513,0,0,4903
4246,2021-05-21,Hainaut,383,154799,509,150022,0,0,4777
4247,2021-05-22,Hainaut,180,154979,279,150301,0,0,4678
4248,2021-05-23,Hainaut,81,155060,70,150371,0,0,4689
4249,2021-05-24,Hainaut,92,155152,442,150813,0,0,4339
4250,2021-05-25,Hainaut,398,155550,521,151334,0,0,4216
4251,2021-05-26,Hainaut,417,155967,443,151777,0,0,4190
4252,2021-05-27,Hainaut,391,156358,131,151908,0,0,4450
4253,2021-05-28,Hainaut,337,156695,383,152291,0,0,4404
4254,2021-05-29,Hainaut,154,156849,150,152441,0,0,4408
4255,2021-05-30,Hainaut,41,156890,63,152504,0,0,4386
4256,2021-05-31,Hainaut,277,157167,516,153020,0,0,4147
4257,2021-06-01,Hainaut,255,157422,555,153575,0,0,3847
4258,2021-06-02,Hainaut,192,157614,419,153994,0,0,3620
4259,2021-06-03,Hainaut,221,157835,422,154416,0,0,3419
4260,2021-06-04,Hainaut,159,157994,383,154799,0,0,3195
4261,2021-06-05,Hainaut,83,158077,180,154979,0,0,3098
4262,2021-06-06,Hainaut,34,158111,81,155060,0,0,3051
4263,2021-06-07,Hainaut,161,158272,92,155152,0,0,3120
4264,2021-06-08,Hainaut,143,158415,398,155550,0,0,2865
4265,2021-06-09,Hainaut,84,158499,417,155967,0,0,2532
4266,2021-06-10,Hainaut,108,158607,391,156358,0,0,2249
4267,2021-06-11,Hainaut,94,158701,337,156695,0,0,2006
4268,2021-06-12,Hainaut,39,158740,154,156849,0,0,1891
4269,2021-06-13,Hainaut,19,158759,41,156890,0,0,1869
4270,2021-06-14,Hainaut,87,158846,0,156890,0,0,1956
4271,2021-06-15,Hainaut,74,158920,0,156890,0,0,2030
4272,2021-06-16,Hainaut,37,158957,0,156890,0,0,2067
4273,2021-06-17,Hainaut,0,158957,0,156890,0,0,2067
4274,2021-06-18,Hainaut,0,158957,0,156890,0,0,2067
4275,2020-03-01,Brussels,6,6,0,0,0,0,6
4276,2020-03-02,Brussels,4,10,0,0,0,0,10
4277,2020-03-03,Brussels,2,12,0,0,0,0,12
4278,2020-03-04,Brussels,5,17,0,0,0,0,17
4279,2020-03-05,Brussels,2,19,0,0,0,0,19
4280,2020-03-06,Brussels,9,28,0,0,0,0,28
4281,2020-03-07,Brussels,5,33,0,0,0,0,33
4282,2020-03-08,Brussels,6,39,0,0,0,0,39
4283,2020-03-09,Brussels,12,51,0,0,0,0,51
4284,2020-03-10,Brussels,13,64,0,0,0,0,64
4285,2020-03-11,Brussels,19,83,0,0,0,0,83
4286,2020-03-12,Brussels,35,118,0,0,0,0,118
4287,2020-03-13,Brussels,40,158,0,0,0,0,158
4288,2020-03-14,Brussels,30,188,0,0,0,0,188
4289,2020-03-15,Brussels,28,216,6,6,0,0,210
4290,2020-03-16,Brussels,62,278,4,10,0,0,268
4291,2020-03-17,Brussels,29,307,2,12,0,0,295
4292,2020-03-18,Brussels,58,365,5,17,0,0,348
4293,2020-03-19,Brussels,55,420,2,19,0,0,401
4294,2020-03-20,Brussels,69,489,9,28,0,0,461
4295,2020-03-21,Brussels,44,533,5,33,0,0,500
4296,2020-03-22,Brussels,63,596,6,39,0,0,557
4297,2020-03-23,Brussels,116,712,12,51,0,0,661
4298,2020-03-24,Brussels,122,834,13,64,0,0,770
4299,2020-03-25,Brussels,142,976,19,83,0,0,893
4300,2020-03-26,Brussels,149,1125,35,118,0,0,1007
4301,2020-03-27,Brussels,185,1310,40,158,0,0,1152
4302,2020-03-28,Brussels,147,1457,30,188,0,0,1269
4303,2020-03-29,Brussels,93,1550,28,216,0,0,1334
4304,2020-03-30,Brussels,138,1688,62,278,0,0,1410
4305,2020-03-31,Brussels,178,1866,29,307,0,0,1559
4306,2020-04-01,Brussels,146,2012,58,365,0,0,1647
4307,2020-04-02,Brussels,155,2167,55,420,0,0,1747
4308,2020-04-03,Brussels,167,2334,69,489,0,0,1845
4309,2020-04-04,Brussels,102,2436,44,533,0,0,1903
4310,2020-04-05,Brussels,82,2518,63,596,0,0,1922
4311,2020-04-06,Brussels,169,2687,116,712,0,0,1975
4312,2020-04-07,Brussels,140,2827,122,834,0,0,1993
4313,2020-04-08,Brussels,174,3001,142,976,0,0,2025
4314,2020-04-09,Brussels,162,3163,149,1125,0,0,2038
4315,2020-04-10,Brussels,141,3304,185,1310,0,0,1994
4316,2020-04-11,Brussels,74,3378,147,1457,0,0,1921
4317,2020-04-12,Brussels,60,3438,93,1550,0,0,1888
4318,2020-04-13,Brussels,73,3511,138,1688,0,0,1823
4319,2020-04-14,Brussels,182,3693,178,1866,0,0,1827
4320,2020-04-15,Brussels,138,3831,146,2012,0,0,1819
4321,2020-04-16,Brussels,191,4022,155,2167,0,0,1855
4322,2020-04-17,Brussels,192,4214,167,2334,0,0,1880
4323,2020-04-18,Brussels,47,4261,102,2436,0,0,1825
4324,2020-04-19,Brussels,36,4297,82,2518,0,0,1779
4325,2020-04-20,Brussels,151,4448,169,2687,0,0,1761
4326,2020-04-21,Brussels,114,4562,140,2827,0,0,1735
4327,2020-04-22,Brussels,64,4626,174,3001,0,0,1625
4328,2020-04-23,Brussels,91,4717,162,3163,0,0,1554
4329,2020-04-24,Brussels,164,4881,141,3304,0,0,1577
4330,2020-04-25,Brussels,32,4913,74,3378,0,0,1535
4331,2020-04-26,Brussels,13,4926,60,3438,0,0,1488
4332,2020-04-27,Brussels,88,5014,73,3511,0,0,1503
4333,2020-04-28,Brussels,41,5055,182,3693,0,0,1362
4334,2020-04-29,Brussels,67,5122,138,3831,0,0,1291
4335,2020-04-30,Brussels,62,5184,191,4022,0,0,1162
4336,2020-05-01,Brussels,11,5195,192,4214,0,0,981
4337,2020-05-02,Brussels,18,5213,47,4261,0,0,952
4338,2020-05-03,Brussels,15,5228,36,4297,0,0,931
4339,2020-05-04,Brussels,61,5289,151,4448,0,0,841
4340,2020-05-05,Brussels,62,5351,114,4562,0,0,789
4341,2020-05-06,Brussels,48,5399,64,4626,0,0,773
4342,2020-05-07,Brussels,43,5442,91,4717,0,0,725
4343,2020-05-08,Brussels,33,5475,164,4881,0,0,594
4344,2020-05-09,Brussels,28,5503,32,4913,0,0,590
4345,2020-05-10,Brussels,12,5515,13,4926,0,0,589
4346,2020-05-11,Brussels,31,5546,88,5014,0,0,532
4347,2020-05-12,Brussels,31,5577,41,5055,0,0,522
4348,2020-05-13,Brussels,33,5610,67,5122,0,0,488
4349,2020-05-14,Brussels,41,5651,62,5184,0,0,467
4350,2020-05-15,Brussels,25,5676,11,5195,0,0,481
4351,2020-05-16,Brussels,19,5695,18,5213,0,0,482
4352,2020-05-17,Brussels,7,5702,15,5228,0,0,474
4353,2020-05-18,Brussels,32,5734,61,5289,0,0,445
4354,2020-05-19,Brussels,35,5769,62,5351,0,0,418
4355,2020-05-20,Brussels,31,5800,48,5399,0,0,401
4356,2020-05-21,Brussels,12,5812,43,5442,0,0,370
4357,2020-05-22,Brussels,27,5839,33,5475,0,0,364
4358,2020-05-23,Brussels,11,5850,28,5503,0,0,347
4359,2020-05-24,Brussels,7,5857,12,5515,0,0,342
4360,2020-05-25,Brussels,31,5888,31,5546,0,0,342
4361,2020-05-26,Brussels,18,5906,31,5577,0,0,329
4362,2020-05-27,Brussels,23,5929,33,5610,0,0,319
4363,2020-05-28,Brussels,10,5939,41,5651,0,0,288
4364,2020-05-29,Brussels,30,5969,25,5676,0,0,293
4365,2020-05-30,Brussels,7,5976,19,5695,0,0,281
4366,2020-05-31,Brussels,5,5981,7,5702,0,0,279
4367,2020-06-01,Brussels,7,5988,32,5734,0,0,254
4368,2020-06-02,Brussels,23,6011,35,5769,0,0,242
4369,2020-06-03,Brussels,23,6034,31,5800,0,0,234
4370,2020-06-04,Brussels,23,6057,12,5812,0,0,245
4371,2020-06-05,Brussels,24,6081,27,5839,0,0,242
4372,2020-06-06,Brussels,4,6085,11,5850,0,0,235
4373,2020-06-07,Brussels,5,6090,7,5857,0,0,233
4374,2020-06-08,Brussels,22,6112,31,5888,0,0,224
4375,2020-06-09,Brussels,25,6137,18,5906,0,0,231
4376,2020-06-10,Brussels,20,6157,23,5929,0,0,228
4377,2020-06-11,Brussels,15,6172,10,5939,0,0,233
4378,2020-06-12,Brussels,19,6191,30,5969,0,0,222
4379,2020-06-13,Brussels,6,6197,7,5976,0,0,221
4380,2020-06-14,Brussels,2,6199,5,5981,0,0,218
4381,2020-06-15,Brussels,18,6217,7,5988,0,0,229
4382,2020-06-16,Brussels,11,6228,23,6011,0,0,217
4383,2020-06-17,Brussels,7,6235,23,6034,0,0,201
4384,2020-06-18,Brussels,18,6253,23,6057,0,0,196
4385,2020-06-19,Brussels,19,6272,24,6081,0,0,191
4386,2020-06-20,Brussels,3,6275,4,6085,0,0,190
4387,2020-06-21,Brussels,0,6275,5,6090,0,0,185
4388,2020-06-22,Brussels,17,6292,22,6112,0,0,180
4389,2020-06-23,Brussels,14,6306,25,6137,0,0,169
4390,2020-06-24,Brussels,8,6314,20,6157,0,0,157
4391,2020-06-25,Brussels,9,6323,15,6172,0,0,151
4392,2020-06-26,Brussels,23,6346,19,6191,0,0,155
4393,2020-06-27,Brussels,7,6353,6,6197,0,0,156
4394,2020-06-28,Brussels,0,6353,2,6199,0,0,154
4395,2020-06-29,Brussels,29,6382,18,6217,0,0,165
4396,2020-06-30,Brussels,23,6405,11,6228,0,0,177
4397,2020-07-01,Brussels,22,6427,7,6235,0,0,192
4398,2020-07-02,Brussels,22,6449,18,6253,0,0,196
4399,2020-07-03,Brussels,10,6459,19,6272,0,0,187
4400,2020-07-04,Brussels,3,6462,3,6275,0,0,187
4401,2020-07-05,Brussels,1,6463,0,6275,0,0,188
4402,2020-07-06,Brussels,23,6486,17,6292,0,0,194
4403,2020-07-07,Brussels,8,6494,14,6306,0,0,188
4404,2020-07-08,Brussels,13,6507,8,6314,0,0,193
4405,2020-07-09,Brussels,28,6535,9,6323,0,0,212
4406,2020-07-10,Brussels,19,6554,23,6346,0,0,208
4407,2020-07-11,Brussels,2,6556,7,6353,0,0,203
4408,2020-07-12,Brussels,4,6560,0,6353,0,0,207
4409,2020-07-13,Brussels,27,6587,29,6382,0,0,205
4410,2020-07-14,Brussels,30,6617,23,6405,0,0,212
4411,2020-07-15,Brussels,25,6642,22,6427,0,0,215
4412,2020-07-16,Brussels,23,6665,22,6449,0,0,216
4413,2020-07-17,Brussels,18,6683,10,6459,0,0,224
4414,2020-07-18,Brussels,9,6692,3,6462,0,0,230
4415,2020-07-19,Brussels,2,6694,1,6463,0,0,231
4416,2020-07-20,Brussels,27,6721,23,6486,0,0,235
4417,2020-07-21,Brussels,9,6730,8,6494,0,0,236
4418,2020-07-22,Brussels,42,6772,13,6507,0,0,265
4419,2020-07-23,Brussels,43,6815,28,6535,0,0,280
4420,2020-07-24,Brussels,29,6844,19,6554,0,0,290
4421,2020-07-25,Brussels,18,6862,2,6556,0,0,306
4422,2020-07-26,Brussels,4,6866,4,6560,0,0,306
4423,2020-07-27,Brussels,48,6914,27,6587,0,0,327
4424,2020-07-28,Brussels,86,7000,30,6617,0,0,383
4425,2020-07-29,Brussels,96,7096,25,6642,0,0,454
4426,2020-07-30,Brussels,90,7186,23,6665,0,0,521
4427,2020-07-31,Brussels,68,7254,18,6683,0,0,571
4428,2020-08-01,Brussels,31,7285,9,6692,0,0,593
4429,2020-08-02,Brussels,20,7305,2,6694,0,0,611
4430,2020-08-03,Brussels,99,7404,27,6721,0,0,683
4431,2020-08-04,Brussels,137,7541,9,6730,0,0,811
4432,2020-08-05,Brussels,142,7683,42,6772,0,0,911
4433,2020-08-06,Brussels,104,7787,43,6815,0,0,972
4434,2020-08-07,Brussels,144,7931,29,6844,0,0,1087
4435,2020-08-08,Brussels,61,7992,18,6862,0,0,1130
4436,2020-08-09,Brussels,32,8024,4,6866,0,0,1158
4437,2020-08-10,Brussels,174,8198,48,6914,0,0,1284
4438,2020-08-11,Brussels,151,8349,86,7000,0,0,1349
4439,2020-08-12,Brussels,157,8506,96,7096,0,0,1410
4440,2020-08-13,Brussels,161,8667,90,7186,0,0,1481
4441,2020-08-14,Brussels,137,8804,68,7254,0,0,1550
4442,2020-08-15,Brussels,23,8827,31,7285,0,0,1542
4443,2020-08-16,Brussels,20,8847,20,7305,0,0,1542
4444,2020-08-17,Brussels,172,9019,99,7404,0,0,1615
4445,2020-08-18,Brussels,219,9238,137,7541,0,0,1697
4446,2020-08-19,Brussels,185,9423,142,7683,0,0,1740
4447,2020-08-20,Brussels,142,9565,104,7787,0,0,1778
4448,2020-08-21,Brussels,144,9709,144,7931,0,0,1778
4449,2020-08-22,Brussels,46,9755,61,7992,0,0,1763
4450,2020-08-23,Brussels,21,9776,32,8024,0,0,1752
4451,2020-08-24,Brussels,140,9916,174,8198,0,0,1718
4452,2020-08-25,Brussels,162,10078,151,8349,0,0,1729
4453,2020-08-26,Brussels,147,10225,157,8506,0,0,1719
4454,2020-08-27,Brussels,140,10365,161,8667,0,0,1698
4455,2020-08-28,Brussels,165,10530,137,8804,0,0,1726
4456,2020-08-29,Brussels,40,10570,23,8827,0,0,1743
4457,2020-08-30,Brussels,27,10597,20,8847,0,0,1750
4458,2020-08-31,Brussels,137,10734,172,9019,0,0,1715
4459,2020-09-01,Brussels,162,10896,219,9238,0,0,1658
4460,2020-09-02,Brussels,150,11046,185,9423,0,0,1623
4461,2020-09-03,Brussels,193,11239,142,9565,0,0,1674
4462,2020-09-04,Brussels,173,11412,144,9709,0,0,1703
4463,2020-09-05,Brussels,97,11509,46,9755,0,0,1754
4464,2020-09-06,Brussels,32,11541,21,9776,0,0,1765
4465,2020-09-07,Brussels,188,11729,140,9916,0,0,1813
4466,2020-09-08,Brussels,214,11943,162,10078,0,0,1865
4467,2020-09-09,Brussels,235,12178,147,10225,0,0,1953
4468,2020-09-10,Brussels,234,12412,140,10365,0,0,2047
4469,2020-09-11,Brussels,290,12702,165,10530,0,0,2172
4470,2020-09-12,Brussels,110,12812,40,10570,0,0,2242
4471,2020-09-13,Brussels,57,12869,27,10597,0,0,2272
4472,2020-09-14,Brussels,350,13219,137,10734,0,0,2485
4473,2020-09-15,Brussels,362,13581,162,10896,0,0,2685
4474,2020-09-16,Brussels,441,14022,150,11046,0,0,2976
4475,2020-09-17,Brussels,433,14455,193,11239,0,0,3216
4476,2020-09-18,Brussels,410,14865,173,11412,0,0,3453
4477,2020-09-19,Brussels,137,15002,97,11509,0,0,3493
4478,2020-09-20,Brussels,57,15059,32,11541,0,0,3518
4479,2020-09-21,Brussels,504,15563,188,11729,0,0,3834
4480,2020-09-22,Brussels,446,16009,214,11943,0,0,4066
4481,2020-09-23,Brussels,491,16500,235,12178,0,0,4322
4482,2020-09-24,Brussels,358,16858,234,12412,0,0,4446
4483,2020-09-25,Brussels,363,17221,290,12702,0,0,4519
4484,2020-09-26,Brussels,230,17451,110,12812,0,0,4639
4485,2020-09-27,Brussels,108,17559,57,12869,0,0,4690
4486,2020-09-28,Brussels,616,18175,350,13219,0,0,4956
4487,2020-09-29,Brussels,742,18917,362,13581,0,0,5336
4488,2020-09-30,Brussels,698,19615,441,14022,0,0,5593
4489,2020-10-01,Brussels,768,20383,433,14455,0,0,5928
4490,2020-10-02,Brussels,819,21202,410,14865,0,0,6337
4491,2020-10-03,Brussels,317,21519,137,15002,0,0,6517
4492,2020-10-04,Brussels,117,21636,57,15059,0,0,6577
4493,2020-10-05,Brussels,997,22633,504,15563,0,0,7070
4494,2020-10-06,Brussels,1130,23763,446,16009,0,0,7754
4495,2020-10-07,Brussels,1278,25041,491,16500,0,0,8541
4496,2020-10-08,Brussels,1253,26294,358,16858,0,0,9436
4497,2020-10-09,Brussels,1390,27684,363,17221,0,0,10463
4498,2020-10-10,Brussels,496,28180,230,17451,0,0,10729
4499,2020-10-11,Brussels,269,28449,108,17559,0,0,10890
4500,2020-10-12,Brussels,1423,29872,616,18175,0,0,11697
4501,2020-10-13,Brussels,2030,31902,742,18917,0,0,12985
4502,2020-10-14,Brussels,1914,33816,698,19615,0,0,14201
4503,2020-10-15,Brussels,1794,35610,768,20383,0,0,15227
4504,2020-10-16,Brussels,2323,37933,819,21202,0,0,16731
4505,2020-10-17,Brussels,913,38846,317,21519,0,0,17327
4506,2020-10-18,Brussels,253,39099,117,21636,0,0,17463
4507,2020-10-19,Brussels,2485,41584,997,22633,0,0,18951
4508,2020-10-20,Brussels,2991,44575,1130,23763,0,0,20812
4509,2020-10-21,Brussels,2271,46846,1278,25041,0,0,21805
4510,2020-10-22,Brussels,2687,49533,1253,26294,0,0,23239
4511,2020-10-23,Brussels,2598,52131,1390,27684,0,0,24447
4512,2020-10-24,Brussels,1216,53347,496,28180,0,0,25167
4513,2020-10-25,Brussels,350,53697,269,28449,0,0,25248
4514,2020-10-26,Brussels,2228,55925,1423,29872,0,0,26053
4515,2020-10-27,Brussels,2552,58477,2030,31902,0,0,26575
4516,2020-10-28,Brussels,2015,60492,1914,33816,0,0,26676
4517,2020-10-29,Brussels,1601,62093,1794,35610,0,0,26483
4518,2020-10-30,Brussels,1580,63673,2323,37933,0,0,25740
4519,2020-10-31,Brussels,661,64334,913,38846,0,0,25488
4520,2020-11-01,Brussels,181,64515,253,39099,0,0,25416
4521,2020-11-02,Brussels,1496,66011,2485,41584,0,0,24427
4522,2020-11-03,Brussels,1188,67199,2991,44575,0,0,22624
4523,2020-11-04,Brussels,879,68078,2271,46846,0,0,21232
4524,2020-11-05,Brussels,768,68846,2687,49533,0,0,19313
4525,2020-11-06,Brussels,610,69456,2598,52131,0,0,17325
4526,2020-11-07,Brussels,313,69769,1216,53347,0,0,16422
4527,2020-11-08,Brussels,76,69845,350,53697,0,0,16148
4528,2020-11-09,Brussels,816,70661,2228,55925,0,0,14736
4529,2020-11-10,Brussels,727,71388,2552,58477,0,0,12911
4530,2020-11-11,Brussels,164,71552,2015,60492,0,0,11060
4531,2020-11-12,Brussels,578,72130,1601,62093,0,0,10037
4532,2020-11-13,Brussels,501,72631,1580,63673,0,0,8958
4533,2020-11-14,Brussels,208,72839,661,64334,0,0,8505
4534,2020-11-15,Brussels,68,72907,181,64515,0,0,8392
4535,2020-11-16,Brussels,519,73426,1496,66011,0,0,7415
4536,2020-11-17,Brussels,450,73876,1188,67199,0,0,6677
4537,2020-11-18,Brussels,416,74292,879,68078,0,0,6214
4538,2020-11-19,Brussels,314,74606,768,68846,0,0,5760
4539,2020-11-20,Brussels,324,74930,610,69456,0,0,5474
4540,2020-11-21,Brussels,108,75038,313,69769,0,0,5269
4541,2020-11-22,Brussels,40,75078,76,69845,0,0,5233
4542,2020-11-23,Brussels,361,75439,816,70661,0,0,4778
4543,2020-11-24,Brussels,306,75745,727,71388,0,0,4357
4544,2020-11-25,Brussels,187,75932,164,71552,0,0,4380
4545,2020-11-26,Brussels,258,76190,578,72130,0,0,4060
4546,2020-11-27,Brussels,201,76391,501,72631,0,0,3760
4547,2020-11-28,Brussels,94,76485,208,72839,0,0,3646
4548,2020-11-29,Brussels,40,76525,68,72907,0,0,3618
4549,2020-11-30,Brussels,234,76759,519,73426,0,0,3333
4550,2020-12-01,Brussels,269,77028,450,73876,0,0,3152
4551,2020-12-02,Brussels,198,77226,416,74292,0,0,2934
4552,2020-12-03,Brussels,172,77398,314,74606,0,0,2792
4553,2020-12-04,Brussels,167,77565,324,74930,0,0,2635
4554,2020-12-05,Brussels,103,77668,108,75038,0,0,2630
4555,2020-12-06,Brussels,23,77691,40,75078,0,0,2613
4556,2020-12-07,Brussels,200,77891,361,75439,0,0,2452
4557,2020-12-08,Brussels,175,78066,306,75745,0,0,2321
4558,2020-12-09,Brussels,191,78257,187,75932,0,0,2325
4559,2020-12-10,Brussels,195,78452,258,76190,0,0,2262
4560,2020-12-11,Brussels,188,78640,201,76391,0,0,2249
4561,2020-12-12,Brussels,94,78734,94,76485,0,0,2249
4562,2020-12-13,Brussels,33,78767,40,76525,0,0,2242
4563,2020-12-14,Brussels,207,78974,234,76759,0,0,2215
4564,2020-12-15,Brussels,262,79236,269,77028,0,0,2208
4565,2020-12-16,Brussels,209,79445,198,77226,0,0,2219
4566,2020-12-17,Brussels,212,79657,172,77398,0,0,2259
4567,2020-12-18,Brussels,222,79879,167,77565,0,0,2314
4568,2020-12-19,Brussels,151,80030,103,77668,0,0,2362
4569,2020-12-20,Brussels,40,80070,23,77691,0,0,2379
4570,2020-12-21,Brussels,206,80276,200,77891,0,0,2385
4571,2020-12-22,Brussels,222,80498,175,78066,0,0,2432
4572,2020-12-23,Brussels,159,80657,191,78257,0,0,2400
4573,2020-12-24,Brussels,135,80792,195,78452,0,0,2340
4574,2020-12-25,Brussels,43,80835,188,78640,0,0,2195
4575,2020-12-26,Brussels,99,80934,94,78734,0,0,2200
4576,2020-12-27,Brussels,30,80964,33,78767,0,0,2197
4577,2020-12-28,Brussels,189,81153,207,78974,0,0,2179
4578,2020-12-29,Brussels,197,81350,262,79236,0,0,2114
4579,2020-12-30,Brussels,163,81513,209,79445,0,0,2068
4580,2020-12-31,Brussels,142,81655,212,79657,0,0,1998
4581,2021-01-01,Brussels,53,81708,222,79879,0,0,1829
4582,2021-01-02,Brussels,105,81813,151,80030,0,0,1783
4583,2021-01-03,Brussels,168,81981,40,80070,0,0,1911
4584,2021-01-04,Brussels,252,82233,206,80276,0,0,1957
4585,2021-01-05,Brussels,408,82641,222,80498,0,0,2143
4586,2021-01-06,Brussels,296,82937,159,80657,0,0,2280
4587,2021-01-07,Brussels,273,83210,135,80792,0,0,2418
4588,2021-01-08,Brussels,276,83486,43,80835,0,0,2651
4589,2021-01-09,Brussels,274,83760,99,80934,0,0,2826
4590,2021-01-10,Brussels,160,83920,30,80964,0,0,2956
4591,2021-01-11,Brussels,335,84255,189,81153,0,0,3102
4592,2021-01-12,Brussels,275,84530,197,81350,0,0,3180
4593,2021-01-13,Brussels,242,84772,163,81513,0,0,3259
4594,2021-01-14,Brussels,203,84975,142,81655,0,0,3320
4595,2021-01-15,Brussels,209,85184,53,81708,0,0,3476
4596,2021-01-16,Brussels,127,85311,105,81813,0,0,3498
4597,2021-01-17,Brussels,123,85434,168,81981,0,0,3453
4598,2021-01-18,Brussels,282,85716,252,82233,0,0,3483
4599,2021-01-19,Brussels,254,85970,408,82641,0,0,3329
4600,2021-01-20,Brussels,198,86168,296,82937,0,0,3231
4601,2021-01-21,Brussels,224,86392,273,83210,0,0,3182
4602,2021-01-22,Brussels,273,86665,276,83486,0,0,3179
4603,2021-01-23,Brussels,181,86846,274,83760,0,0,3086
4604,2021-01-24,Brussels,79,86925,160,83920,0,0,3005
4605,2021-01-25,Brussels,271,87196,335,84255,0,0,2941
4606,2021-01-26,Brussels,191,87387,275,84530,0,0,2857
4607,2021-01-27,Brussels,193,87580,242,84772,0,0,2808
4608,2021-01-28,Brussels,236,87816,203,84975,0,0,2841
4609,2021-01-29,Brussels,303,88119,209,85184,0,0,2935
4610,2021-01-30,Brussels,215,88334,127,85311,0,0,3023
4611,2021-01-31,Brussels,79,88413,123,85434,0,0,2979
4612,2021-02-01,Brussels,352,88765,282,85716,0,0,3049
4613,2021-02-02,Brussels,276,89041,254,85970,0,0,3071
4614,2021-02-03,Brussels,241,89282,198,86168,0,0,3114
4615,2021-02-04,Brussels,278,89560,224,86392,0,0,3168
4616,2021-02-05,Brussels,277,89837,273,86665,0,0,3172
4617,2021-02-06,Brussels,159,89996,181,86846,0,0,3150
4618,2021-02-07,Brussels,73,90069,79,86925,0,0,3144
4619,2021-02-08,Brussels,255,90324,271,87196,0,0,3128
4620,2021-02-09,Brussels,325,90649,191,87387,0,0,3262
4621,2021-02-10,Brussels,244,90893,193,87580,0,0,3313
4622,2021-02-11,Brussels,228,91121,236,87816,0,0,3305
4623,2021-02-12,Brussels,231,91352,303,88119,0,0,3233
4624,2021-02-13,Brussels,181,91533,215,88334,0,0,3199
4625,2021-02-14,Brussels,71,91604,79,88413,0,0,3191
4626,2021-02-15,Brussels,302,91906,352,88765,0,0,3141
4627,2021-02-16,Brussels,287,92193,276,89041,0,0,3152
4628,2021-02-17,Brussels,281,92474,241,89282,0,0,3192
4629,2021-02-18,Brussels,314,92788,278,89560,0,0,3228
4630,2021-02-19,Brussels,324,93112,277,89837,0,0,3275
4631,2021-02-20,Brussels,220,93332,159,89996,0,0,3336
4632,2021-02-21,Brussels,103,93435,73,90069,0,0,3366
4633,2021-02-22,Brussels,418,93853,255,90324,0,0,3529
4634,2021-02-23,Brussels,335,94188,325,90649,0,0,3539
4635,2021-02-24,Brussels,340,94528,244,90893,0,0,3635
4636,2021-02-25,Brussels,350,94878,228,91121,0,0,3757
4637,2021-02-26,Brussels,400,95278,231,91352,0,0,3926
4638,2021-02-27,Brussels,291,95569,181,91533,0,0,4036
4639,2021-02-28,Brussels,133,95702,71,91604,0,0,4098
4640,2021-03-01,Brussels,434,96136,302,91906,0,0,4230
4641,2021-03-02,Brussels,357,96493,287,92193,0,0,4300
4642,2021-03-03,Brussels,376,96869,281,92474,0,0,4395
4643,2021-03-04,Brussels,325,97194,314,92788,0,0,4406
4644,2021-03-05,Brussels,340,97534,324,93112,0,0,4422
4645,2021-03-06,Brussels,206,97740,220,93332,0,0,4408
4646,2021-03-07,Brussels,103,97843,103,93435,0,0,4408
4647,2021-03-08,Brussels,495,98338,418,93853,0,0,4485
4648,2021-03-09,Brussels,453,98791,335,94188,0,0,4603
4649,2021-03-10,Brussels,479,99270,340,94528,0,0,4742
4650,2021-03-11,Brussels,479,99749,350,94878,0,0,4871
4651,2021-03-12,Brussels,485,100234,400,95278,0,0,4956
4652,2021-03-13,Brussels,352,100586,291,95569,0,0,5017
4653,2021-03-14,Brussels,215,100801,133,95702,0,0,5099
4654,2021-03-15,Brussels,653,101454,434,96136,0,0,5318
4655,2021-03-16,Brussels,647,102101,357,96493,0,0,5608
4656,2021-03-17,Brussels,590,102691,376,96869,0,0,5822
4657,2021-03-18,Brussels,678,103369,325,97194,0,0,6175
4658,2021-03-19,Brussels,593,103962,340,97534,0,0,6428
4659,2021-03-20,Brussels,365,104327,206,97740,0,0,6587
4660,2021-03-21,Brussels,212,104539,103,97843,0,0,6696
4661,2021-03-22,Brussels,739,105278,495,98338,0,0,6940
4662,2021-03-23,Brussels,752,106030,453,98791,0,0,7239
4663,2021-03-24,Brussels,732,106762,479,99270,0,0,7492
4664,2021-03-25,Brussels,715,107477,479,99749,0,0,7728
4665,2021-03-26,Brussels,757,108234,485,100234,0,0,8000
4666,2021-03-27,Brussels,421,108655,352,100586,0,0,8069
4667,2021-03-28,Brussels,253,108908,215,100801,0,0,8107
4668,2021-03-29,Brussels,655,109563,653,101454,0,0,8109
4669,2021-03-30,Brussels,541,110104,647,102101,0,0,8003
4670,2021-03-31,Brussels,531,110635,590,102691,0,0,7944
4671,2021-04-01,Brussels,610,111245,678,103369,0,0,7876
4672,2021-04-02,Brussels,561,111806,593,103962,0,0,7844
4673,2021-04-03,Brussels,449,112255,365,104327,0,0,7928
4674,2021-04-04,Brussels,202,112457,212,104539,0,0,7918
4675,2021-04-05,Brussels,248,112705,739,105278,0,0,7427
4676,2021-04-06,Brussels,529,113234,752,106030,0,0,7204
4677,2021-04-07,Brussels,493,113727,732,106762,0,0,6965
4678,2021-04-08,Brussels,540,114267,715,107477,0,0,6790
4679,2021-04-09,Brussels,504,114771,757,108234,0,0,6537
4680,2021-04-10,Brussels,282,115053,421,108655,0,0,6398
4681,2021-04-11,Brussels,165,115218,253,108908,0,0,6310
4682,2021-04-12,Brussels,484,115702,655,109563,0,0,6139
4683,2021-04-13,Brussels,409,116111,541,110104,0,0,6007
4684,2021-04-14,Brussels,486,116597,531,110635,0,0,5962
4685,2021-04-15,Brussels,414,117011,610,111245,0,0,5766
4686,2021-04-16,Brussels,515,117526,561,111806,0,0,5720
4687,2021-04-17,Brussels,389,117915,449,112255,0,0,5660
4688,2021-04-18,Brussels,274,118189,202,112457,0,0,5732
4689,2021-04-19,Brussels,631,118820,248,112705,0,0,6115
4690,2021-04-20,Brussels,555,119375,529,113234,0,0,6141
4691,2021-04-21,Brussels,448,119823,493,113727,0,0,6096
4692,2021-04-22,Brussels,443,120266,540,114267,0,0,5999
4693,2021-04-23,Brussels,423,120689,504,114771,0,0,5918
4694,2021-04-24,Brussels,249,120938,282,115053,0,0,5885
4695,2021-04-25,Brussels,180,121118,165,115218,0,0,5900
4696,2021-04-26,Brussels,408,121526,484,115702,0,0,5824
4697,2021-04-27,Brussels,415,121941,409,116111,0,0,5830
4698,2021-04-28,Brussels,356,122297,486,116597,0,0,5700
4699,2021-04-29,Brussels,361,122658,414,117011,0,0,5647
4700,2021-04-30,Brussels,348,123006,515,117526,0,0,5480
4701,2021-05-01,Brussels,200,123206,389,117915,0,0,5291
4702,2021-05-02,Brussels,171,123377,274,118189,0,0,5188
4703,2021-05-03,Brussels,415,123792,631,118820,0,0,4972
4704,2021-05-04,Brussels,374,124166,555,119375,0,0,4791
4705,2021-05-05,Brussels,376,124542,448,119823,0,0,4719
4706,2021-05-06,Brussels,376,124918,443,120266,0,0,4652
4707,2021-05-07,Brussels,275,125193,423,120689,0,0,4504
4708,2021-05-08,Brussels,187,125380,249,120938,0,0,4442
4709,2021-05-09,Brussels,133,125513,180,121118,0,0,4395
4710,2021-05-10,Brussels,277,125790,408,121526,0,0,4264
4711,2021-05-11,Brussels,271,126061,415,121941,0,0,4120
4712,2021-05-12,Brussels,263,126324,356,122297,0,0,4027
4713,2021-05-13,Brussels,141,126465,361,122658,0,0,3807
4714,2021-05-14,Brussels,247,126712,348,123006,0,0,3706
4715,2021-05-15,Brussels,197,126909,200,123206,0,0,3703
4716,2021-05-16,Brussels,130,127039,171,123377,0,0,3662
4717,2021-05-17,Brussels,361,127400,415,123792,0,0,3608
4718,2021-05-18,Brussels,308,127708,374,124166,0,0,3542
4719,2021-05-19,Brussels,397,128105,376,124542,0,0,3563
4720,2021-05-20,Brussels,255,128360,376,124918,0,0,3442
4721,2021-05-21,Brussels,277,128637,275,125193,0,0,3444
4722,2021-05-22,Brussels,233,128870,187,125380,0,0,3490
4723,2021-05-23,Brussels,67,128937,133,125513,0,0,3424
4724,2021-05-24,Brussels,173,129110,277,125790,0,0,3320
4725,2021-05-25,Brussels,308,129418,271,126061,0,0,3357
4726,2021-05-26,Brussels,262,129680,263,126324,0,0,3356
4727,2021-05-27,Brussels,260,129940,141,126465,0,0,3475
4728,2021-05-28,Brussels,214,130154,247,126712,0,0,3442
4729,2021-05-29,Brussels,133,130287,197,126909,0,0,3378
4730,2021-05-30,Brussels,90,130377,130,127039,0,0,3338
4731,2021-05-31,Brussels,232,130609,361,127400,0,0,3209
4732,2021-06-01,Brussels,182,130791,308,127708,0,0,3083
4733,2021-06-02,Brussels,223,131014,397,128105,0,0,2909
4734,2021-06-03,Brussels,192,131206,255,128360,0,0,2846
4735,2021-06-04,Brussels,198,131404,277,128637,0,0,2767
4736,2021-06-05,Brussels,101,131505,233,128870,0,0,2635
4737,2021-06-06,Brussels,69,131574,67,128937,0,0,2637
4738,2021-06-07,Brussels,176,131750,173,129110,0,0,2640
4739,2021-06-08,Brussels,152,131902,308,129418,0,0,2484
4740,2021-06-09,Brussels,140,132042,262,129680,0,0,2362
4741,2021-06-10,Brussels,119,132161,260,129940,0,0,2221
4742,2021-06-11,Brussels,122,132283,214,130154,0,0,2129
4743,2021-06-12,Brussels,68,132351,133,130287,0,0,2064
4744,2021-06-13,Brussels,36,132387,90,130377,0,0,2010
4745,2021-06-14,Brussels,104,132491,232,130609,0,0,1882
4746,2021-06-15,Brussels,68,132559,0,130609,0,0,1950
4747,2021-06-16,Brussels,28,132587,0,130609,0,0,1978
4748,2021-06-17,Brussels,0,132587,0,130609,0,0,1978
4749,2021-06-18,Brussels,0,132587,0,130609,0,0,1978
4750,2020-03-01,BrabantWallon,0,0,0,0,0,0,0
4751,2020-03-02,BrabantWallon,2,2,0,0,0,0,2
4752,2020-03-03,BrabantWallon,3,5,0,0,0,0,5
4753,2020-03-04,BrabantWallon,1,6,0,0,0,0,6
4754,2020-03-05,BrabantWallon,3,9,0,0,0,0,9
4755,2020-03-06,BrabantWallon,4,13,0,0,0,0,13
4756,2020-03-07,BrabantWallon,1,14,0,0,0,0,14
4757,2020-03-08,BrabantWallon,1,15,0,0,0,0,15
4758,2020-03-09,BrabantWallon,5,20,0,0,0,0,20
4759,2020-03-10,BrabantWallon,3,23,0,0,0,0,23
4760,2020-03-11,BrabantWallon,2,25,0,0,0,0,25
4761,2020-03-12,BrabantWallon,7,32,0,0,0,0,32
4762,2020-03-13,BrabantWallon,13,45,0,0,0,0,45
4763,2020-03-14,BrabantWallon,4,49,0,0,0,0,49
4764,2020-03-15,BrabantWallon,6,55,0,0,0,0,55
4765,2020-03-16,BrabantWallon,17,72,2,2,0,0,70
4766,2020-03-17,BrabantWallon,18,90,3,5,0,0,85
4767,2020-03-18,BrabantWallon,25,115,1,6,0,0,109
4768,2020-03-19,BrabantWallon,26,141,3,9,0,0,132
4769,2020-03-20,BrabantWallon,19,160,4,13,0,0,147
4770,2020-03-21,BrabantWallon,14,174,1,14,0,0,160
4771,2020-03-22,BrabantWallon,23,197,1,15,0,0,182
4772,2020-03-23,BrabantWallon,31,228,5,20,0,0,208
4773,2020-03-24,BrabantWallon,34,262,3,23,0,0,239
4774,2020-03-25,BrabantWallon,21,283,2,25,0,0,258
4775,2020-03-26,BrabantWallon,29,312,7,32,0,0,280
4776,2020-03-27,BrabantWallon,43,355,13,45,0,0,310
4777,2020-03-28,BrabantWallon,15,370,4,49,0,0,321
4778,2020-03-29,BrabantWallon,14,384,6,55,0,0,329
4779,2020-03-30,BrabantWallon,36,420,17,72,0,0,348
4780,2020-03-31,BrabantWallon,28,448,18,90,0,0,358
4781,2020-04-01,BrabantWallon,40,488,25,115,0,0,373
4782,2020-04-02,BrabantWallon,29,517,26,141,0,0,376
4783,2020-04-03,BrabantWallon,45,562,19,160,0,0,402
4784,2020-04-04,BrabantWallon,14,576,14,174,0,0,402
4785,2020-04-05,BrabantWallon,16,592,23,197,0,0,395
4786,2020-04-06,BrabantWallon,48,640,31,228,0,0,412
4787,2020-04-07,BrabantWallon,33,673,34,262,0,0,411
4788,2020-04-08,BrabantWallon,40,713,21,283,0,0,430
4789,2020-04-09,BrabantWallon,53,766,29,312,0,0,454
4790,2020-04-10,BrabantWallon,34,800,43,355,0,0,445
4791,2020-04-11,BrabantWallon,13,813,15,370,0,0,443
4792,2020-04-12,BrabantWallon,5,818,14,384,0,0,434
4793,2020-04-13,BrabantWallon,6,824,36,420,0,0,404
4794,2020-04-14,BrabantWallon,63,887,28,448,0,0,439
4795,2020-04-15,BrabantWallon,38,925,40,488,0,0,437
4796,2020-04-16,BrabantWallon,42,967,29,517,0,0,450
4797,2020-04-17,BrabantWallon,34,1001,45,562,0,0,439
4798,2020-04-18,BrabantWallon,30,1031,14,576,0,0,455
4799,2020-04-19,BrabantWallon,17,1048,16,592,0,0,456
4800,2020-04-20,BrabantWallon,48,1096,48,640,0,0,456
4801,2020-04-21,BrabantWallon,32,1128,33,673,0,0,455
4802,2020-04-22,BrabantWallon,52,1180,40,713,0,0,467
4803,2020-04-23,BrabantWallon,16,1196,53,766,0,0,430
4804,2020-04-24,BrabantWallon,14,1210,34,800,0,0,410
4805,2020-04-25,BrabantWallon,36,1246,13,813,0,0,433
4806,2020-04-26,BrabantWallon,6,1252,5,818,0,0,434
4807,2020-04-27,BrabantWallon,13,1265,6,824,0,0,441
4808,2020-04-28,BrabantWallon,9,1274,63,887,0,0,387
4809,2020-04-29,BrabantWallon,8,1282,38,925,0,0,357
4810,2020-04-30,BrabantWallon,5,1287,42,967,0,0,320
4811,2020-05-01,BrabantWallon,1,1288,34,1001,0,0,287
4812,2020-05-02,BrabantWallon,8,1296,30,1031,0,0,265
4813,2020-05-03,BrabantWallon,5,1301,17,1048,0,0,253
4814,2020-05-04,BrabantWallon,8,1309,48,1096,0,0,213
4815,2020-05-05,BrabantWallon,11,1320,32,1128,0,0,192
4816,2020-05-06,BrabantWallon,13,1333,52,1180,0,0,153
4817,2020-05-07,BrabantWallon,9,1342,16,1196,0,0,146
4818,2020-05-08,BrabantWallon,13,1355,14,1210,0,0,145
4819,2020-05-09,BrabantWallon,7,1362,36,1246,0,0,116
4820,2020-05-10,BrabantWallon,6,1368,6,1252,0,0,116
4821,2020-05-11,BrabantWallon,8,1376,13,1265,0,0,111
4822,2020-05-12,BrabantWallon,3,1379,9,1274,0,0,105
4823,2020-05-13,BrabantWallon,8,1387,8,1282,0,0,105
4824,2020-05-14,BrabantWallon,9,1396,5,1287,0,0,109
4825,2020-05-15,BrabantWallon,5,1401,1,1288,0,0,113
4826,2020-05-16,BrabantWallon,4,1405,8,1296,0,0,109
4827,2020-05-17,BrabantWallon,3,1408,5,1301,0,0,107
4828,2020-05-18,BrabantWallon,6,1414,8,1309,0,0,105
4829,2020-05-19,BrabantWallon,9,1423,11,1320,0,0,103
4830,2020-05-20,BrabantWallon,9,1432,13,1333,0,0,99
4831,2020-05-21,BrabantWallon,2,1434,9,1342,0,0,92
4832,2020-05-22,BrabantWallon,4,1438,13,1355,0,0,83
4833,2020-05-23,BrabantWallon,5,1443,7,1362,0,0,81
4834,2020-05-24,BrabantWallon,4,1447,6,1368,0,0,79
4835,2020-05-25,BrabantWallon,5,1452,8,1376,0,0,76
4836,2020-05-26,BrabantWallon,4,1456,3,1379,0,0,77
4837,2020-05-27,BrabantWallon,1,1457,8,1387,0,0,70
4838,2020-05-28,BrabantWallon,3,1460,9,1396,0,0,64
4839,2020-05-29,BrabantWallon,5,1465,5,1401,0,0,64
4840,2020-05-30,BrabantWallon,3,1468,4,1405,0,0,63
4841,2020-05-31,BrabantWallon,2,1470,3,1408,0,0,62
4842,2020-06-01,BrabantWallon,2,1472,6,1414,0,0,58
4843,2020-06-02,BrabantWallon,1,1473,9,1423,0,0,50
4844,2020-06-03,BrabantWallon,7,1480,9,1432,0,0,48
4845,2020-06-04,BrabantWallon,7,1487,2,1434,0,0,53
4846,2020-06-05,BrabantWallon,3,1490,4,1438,0,0,52
4847,2020-06-06,BrabantWallon,4,1494,5,1443,0,0,51
4848,2020-06-07,BrabantWallon,1,1495,4,1447,0,0,48
4849,2020-06-08,BrabantWallon,1,1496,5,1452,0,0,44
4850,2020-06-09,BrabantWallon,3,1499,4,1456,0,0,43
4851,2020-06-10,BrabantWallon,4,1503,1,1457,0,0,46
4852,2020-06-11,BrabantWallon,4,1507,3,1460,0,0,47
4853,2020-06-12,BrabantWallon,2,1509,5,1465,0,0,44
4854,2020-06-13,BrabantWallon,5,1514,3,1468,0,0,46
4855,2020-06-14,BrabantWallon,0,1514,2,1470,0,0,44
4856,2020-06-15,BrabantWallon,3,1517,2,1472,0,0,45
4857,2020-06-16,BrabantWallon,2,1519,1,1473,0,0,46
4858,2020-06-17,BrabantWallon,0,1519,7,1480,0,0,39
4859,2020-06-18,BrabantWallon,8,1527,7,1487,0,0,40
4860,2020-06-19,BrabantWallon,0,1527,3,1490,0,0,37
4861,2020-06-20,BrabantWallon,3,1530,4,1494,0,0,36
4862,2020-06-21,BrabantWallon,0,1530,1,1495,0,0,35
4863,2020-06-22,BrabantWallon,6,1536,1,1496,0,0,40
4864,2020-06-23,BrabantWallon,4,1540,3,1499,0,0,41
4865,2020-06-24,BrabantWallon,1,1541,4,1503,0,0,38
4866,2020-06-25,BrabantWallon,3,1544,4,1507,0,0,37
4867,2020-06-26,BrabantWallon,2,1546,2,1509,0,0,37
4868,2020-06-27,BrabantWallon,1,1547,5,1514,0,0,33
4869,2020-06-28,BrabantWallon,0,1547,0,1514,0,0,33
4870,2020-06-29,BrabantWallon,3,1550,3,1517,0,0,33
4871,2020-06-30,BrabantWallon,1,1551,2,1519,0,0,32
4872,2020-07-01,BrabantWallon,1,1552,0,1519,0,0,33
4873,2020-07-02,BrabantWallon,1,1553,8,1527,0,0,26
4874,2020-07-03,BrabantWallon,3,1556,0,1527,0,0,29
4875,2020-07-04,BrabantWallon,1,1557,3,1530,0,0,27
4876,2020-07-05,BrabantWallon,1,1558,0,1530,0,0,28
4877,2020-07-06,BrabantWallon,4,1562,6,1536,0,0,26
4878,2020-07-07,BrabantWallon,2,1564,4,1540,0,0,24
4879,2020-07-08,BrabantWallon,5,1569,1,1541,0,0,28
4880,2020-07-09,BrabantWallon,5,1574,3,1544,0,0,30
4881,2020-07-10,BrabantWallon,0,1574,2,1546,0,0,28
4882,2020-07-11,BrabantWallon,1,1575,1,1547,0,0,28
4883,2020-07-12,BrabantWallon,2,1577,0,1547,0,0,30
4884,2020-07-13,BrabantWallon,2,1579,3,1550,0,0,29
4885,2020-07-14,BrabantWallon,4,1583,1,1551,0,0,32
4886,2020-07-15,BrabantWallon,5,1588,1,1552,0,0,36
4887,2020-07-16,BrabantWallon,0,1588,1,1553,0,0,35
4888,2020-07-17,BrabantWallon,3,1591,3,1556,0,0,35
4889,2020-07-18,BrabantWallon,1,1592,1,1557,0,0,35
4890,2020-07-19,BrabantWallon,2,1594,1,1558,0,0,36
4891,2020-07-20,BrabantWallon,5,1599,4,1562,0,0,37
4892,2020-07-21,BrabantWallon,1,1600,2,1564,0,0,36
4893,2020-07-22,BrabantWallon,6,1606,5,1569,0,0,37
4894,2020-07-23,BrabantWallon,9,1615,5,1574,0,0,41
4895,2020-07-24,BrabantWallon,8,1623,0,1574,0,0,49
4896,2020-07-25,BrabantWallon,1,1624,1,1575,0,0,49
4897,2020-07-26,BrabantWallon,1,1625,2,1577,0,0,48
4898,2020-07-27,BrabantWallon,5,1630,2,1579,0,0,51
4899,2020-07-28,BrabantWallon,16,1646,4,1583,0,0,63
4900,2020-07-29,BrabantWallon,10,1656,5,1588,0,0,68
4901,2020-07-30,BrabantWallon,8,1664,0,1588,0,0,76
4902,2020-07-31,BrabantWallon,18,1682,3,1591,0,0,91
4903,2020-08-01,BrabantWallon,12,1694,1,1592,0,0,102
4904,2020-08-02,BrabantWallon,4,1698,2,1594,0,0,104
4905,2020-08-03,BrabantWallon,15,1713,5,1599,0,0,114
4906,2020-08-04,BrabantWallon,22,1735,1,1600,0,0,135
4907,2020-08-05,BrabantWallon,15,1750,6,1606,0,0,144
4908,2020-08-06,BrabantWallon,15,1765,9,1615,0,0,150
4909,2020-08-07,BrabantWallon,24,1789,8,1623,0,0,166
4910,2020-08-08,BrabantWallon,10,1799,1,1624,0,0,175
4911,2020-08-09,BrabantWallon,1,1800,1,1625,0,0,175
4912,2020-08-10,BrabantWallon,24,1824,5,1630,0,0,194
4913,2020-08-11,BrabantWallon,20,1844,16,1646,0,0,198
4914,2020-08-12,BrabantWallon,16,1860,10,1656,0,0,204
4915,2020-08-13,BrabantWallon,21,1881,8,1664,0,0,217
4916,2020-08-14,BrabantWallon,5,1886,18,1682,0,0,204
4917,2020-08-15,BrabantWallon,5,1891,12,1694,0,0,197
4918,2020-08-16,BrabantWallon,5,1896,4,1698,0,0,198
4919,2020-08-17,BrabantWallon,13,1909,15,1713,0,0,196
4920,2020-08-18,BrabantWallon,22,1931,22,1735,0,0,196
4921,2020-08-19,BrabantWallon,11,1942,15,1750,0,0,192
4922,2020-08-20,BrabantWallon,14,1956,15,1765,0,0,191
4923,2020-08-21,BrabantWallon,18,1974,24,1789,0,0,185
4924,2020-08-22,BrabantWallon,7,1981,10,1799,0,0,182
4925,2020-08-23,BrabantWallon,6,1987,1,1800,0,0,187
4926,2020-08-24,BrabantWallon,29,2016,24,1824,0,0,192
4927,2020-08-25,BrabantWallon,16,2032,20,1844,0,0,188
4928,2020-08-26,BrabantWallon,14,2046,16,1860,0,0,186
4929,2020-08-27,BrabantWallon,17,2063,21,1881,0,0,182
4930,2020-08-28,BrabantWallon,17,2080,5,1886,0,0,194
4931,2020-08-29,BrabantWallon,8,2088,5,1891,0,0,197
4932,2020-08-30,BrabantWallon,4,2092,5,1896,0,0,196
4933,2020-08-31,BrabantWallon,21,2113,13,1909,0,0,204
4934,2020-09-01,BrabantWallon,19,2132,22,1931,0,0,201
4935,2020-09-02,BrabantWallon,24,2156,11,1942,0,0,214
4936,2020-09-03,BrabantWallon,26,2182,14,1956,0,0,226
4937,2020-09-04,BrabantWallon,33,2215,18,1974,0,0,241
4938,2020-09-05,BrabantWallon,15,2230,7,1981,0,0,249
4939,2020-09-06,BrabantWallon,8,2238,6,1987,0,0,251
4940,2020-09-07,BrabantWallon,31,2269,29,2016,0,0,253
4941,2020-09-08,BrabantWallon,33,2302,16,2032,0,0,270
4942,2020-09-09,BrabantWallon,40,2342,14,2046,0,0,296
4943,2020-09-10,BrabantWallon,39,2381,17,2063,0,0,318
4944,2020-09-11,BrabantWallon,38,2419,17,2080,0,0,339
4945,2020-09-12,BrabantWallon,23,2442,8,2088,0,0,354
4946,2020-09-13,BrabantWallon,15,2457,4,2092,0,0,365
4947,2020-09-14,BrabantWallon,72,2529,21,2113,0,0,416
4948,2020-09-15,BrabantWallon,114,2643,19,2132,0,0,511
4949,2020-09-16,BrabantWallon,87,2730,24,2156,0,0,574
4950,2020-09-17,BrabantWallon,84,2814,26,2182,0,0,632
4951,2020-09-18,BrabantWallon,85,2899,33,2215,0,0,684
4952,2020-09-19,BrabantWallon,55,2954,15,2230,0,0,724
4953,2020-09-20,BrabantWallon,31,2985,8,2238,0,0,747
4954,2020-09-21,BrabantWallon,100,3085,31,2269,0,0,816
4955,2020-09-22,BrabantWallon,97,3182,33,2302,0,0,880
4956,2020-09-23,BrabantWallon,84,3266,40,2342,0,0,924
4957,2020-09-24,BrabantWallon,52,3318,39,2381,0,0,937
4958,2020-09-25,BrabantWallon,59,3377,38,2419,0,0,958
4959,2020-09-26,BrabantWallon,36,3413,23,2442,0,0,971
4960,2020-09-27,BrabantWallon,12,3425,15,2457,0,0,968
4961,2020-09-28,BrabantWallon,139,3564,72,2529,0,0,1035
4962,2020-09-29,BrabantWallon,156,3720,114,2643,0,0,1077
4963,2020-09-30,BrabantWallon,154,3874,87,2730,0,0,1144
4964,2020-10-01,BrabantWallon,212,4086,84,2814,0,0,1272
4965,2020-10-02,BrabantWallon,177,4263,85,2899,0,0,1364
4966,2020-10-03,BrabantWallon,51,4314,55,2954,0,0,1360
4967,2020-10-04,BrabantWallon,160,4474,31,2985,0,0,1489
4968,2020-10-05,BrabantWallon,301,4775,100,3085,0,0,1690
4969,2020-10-06,BrabantWallon,345,5120,97,3182,0,0,1938
4970,2020-10-07,BrabantWallon,397,5517,84,3266,0,0,2251
4971,2020-10-08,BrabantWallon,370,5887,52,3318,0,0,2569
4972,2020-10-09,BrabantWallon,449,6336,59,3377,0,0,2959
4973,2020-10-10,BrabantWallon,298,6634,36,3413,0,0,3221
4974,2020-10-11,BrabantWallon,134,6768,12,3425,0,0,3343
4975,2020-10-12,BrabantWallon,363,7131,139,3564,0,0,3567
4976,2020-10-13,BrabantWallon,687,7818,156,3720,0,0,4098
4977,2020-10-14,BrabantWallon,649,8467,154,3874,0,0,4593
4978,2020-10-15,BrabantWallon,536,9003,212,4086,0,0,4917
4979,2020-10-16,BrabantWallon,718,9721,177,4263,0,0,5458
4980,2020-10-17,BrabantWallon,313,10034,51,4314,0,0,5720
4981,2020-10-18,BrabantWallon,296,10330,160,4474,0,0,5856
4982,2020-10-19,BrabantWallon,591,10921,301,4775,0,0,6146
4983,2020-10-20,BrabantWallon,1159,12080,345,5120,0,0,6960
4984,2020-10-21,BrabantWallon,832,12912,397,5517,0,0,7395
4985,2020-10-22,BrabantWallon,799,13711,370,5887,0,0,7824
4986,2020-10-23,BrabantWallon,735,14446,449,6336,0,0,8110
4987,2020-10-24,BrabantWallon,575,15021,298,6634,0,0,8387
4988,2020-10-25,BrabantWallon,164,15185,134,6768,0,0,8417
4989,2020-10-26,BrabantWallon,699,15884,363,7131,0,0,8753
4990,2020-10-27,BrabantWallon,1028,16912,687,7818,0,0,9094
4991,2020-10-28,BrabantWallon,580,17492,649,8467,0,0,9025
4992,2020-10-29,BrabantWallon,504,17996,536,9003,0,0,8993
4993,2020-10-30,BrabantWallon,604,18600,718,9721,0,0,8879
4994,2020-10-31,BrabantWallon,190,18790,313,10034,0,0,8756
4995,2020-11-01,BrabantWallon,83,18873,296,10330,0,0,8543
4996,2020-11-02,BrabantWallon,525,19398,591,10921,0,0,8477
4997,2020-11-03,BrabantWallon,425,19823,1159,12080,0,0,7743
4998,2020-11-04,BrabantWallon,272,20095,832,12912,0,0,7183
4999,2020-11-05,BrabantWallon,265,20360,799,13711,0,0,6649
5000,2020-11-06,BrabantWallon,210,20570,735,14446,0,0,6124
5001,2020-11-07,BrabantWallon,123,20693,575,15021,0,0,5672
5002,2020-11-08,BrabantWallon,39,20732,164,15185,0,0,5547
5003,2020-11-09,BrabantWallon,352,21084,699,15884,0,0,5200
5004,2020-11-10,BrabantWallon,236,21320,1028,16912,0,0,4408
5005,2020-11-11,BrabantWallon,53,21373,580,17492,0,0,3881
5006,2020-11-12,BrabantWallon,239,21612,504,17996,0,0,3616
5007,2020-11-13,BrabantWallon,239,21851,604,18600,0,0,3251
5008,2020-11-14,BrabantWallon,148,21999,190,18790,0,0,3209
5009,2020-11-15,BrabantWallon,17,22016,83,18873,0,0,3143
5010,2020-11-16,BrabantWallon,206,22222,525,19398,0,0,2824
5011,2020-11-17,BrabantWallon,159,22381,425,19823,0,0,2558
5012,2020-11-18,BrabantWallon,100,22481,272,20095,0,0,2386
5013,2020-11-19,BrabantWallon,94,22575,265,20360,0,0,2215
5014,2020-11-20,BrabantWallon,94,22669,210,20570,0,0,2099
5015,2020-11-21,BrabantWallon,23,22692,123,20693,0,0,1999
5016,2020-11-22,BrabantWallon,17,22709,39,20732,0,0,1977
5017,2020-11-23,BrabantWallon,131,22840,352,21084,0,0,1756
5018,2020-11-24,BrabantWallon,83,22923,236,21320,0,0,1603
5019,2020-11-25,BrabantWallon,80,23003,53,21373,0,0,1630
5020,2020-11-26,BrabantWallon,58,23061,239,21612,0,0,1449
5021,2020-11-27,BrabantWallon,62,23123,239,21851,0,0,1272
5022,2020-11-28,BrabantWallon,33,23156,148,21999,0,0,1157
5023,2020-11-29,BrabantWallon,25,23181,17,22016,0,0,1165
5024,2020-11-30,BrabantWallon,117,23298,206,22222,0,0,1076
5025,2020-12-01,BrabantWallon,66,23364,159,22381,0,0,983
5026,2020-12-02,BrabantWallon,76,23440,100,22481,0,0,959
5027,2020-12-03,BrabantWallon,64,23504,94,22575,0,0,929
5028,2020-12-04,BrabantWallon,77,23581,94,22669,0,0,912
5029,2020-12-05,BrabantWallon,24,23605,23,22692,0,0,913
5030,2020-12-06,BrabantWallon,9,23614,17,22709,0,0,905
5031,2020-12-07,BrabantWallon,88,23702,131,22840,0,0,862
5032,2020-12-08,BrabantWallon,81,23783,83,22923,0,0,860
5033,2020-12-09,BrabantWallon,80,23863,80,23003,0,0,860
5034,2020-12-10,BrabantWallon,70,23933,58,23061,0,0,872
5035,2020-12-11,BrabantWallon,100,24033,62,23123,0,0,910
5036,2020-12-12,BrabantWallon,18,24051,33,23156,0,0,895
5037,2020-12-13,BrabantWallon,10,24061,25,23181,0,0,880
5038,2020-12-14,BrabantWallon,99,24160,117,23298,0,0,862
5039,2020-12-15,BrabantWallon,85,24245,66,23364,0,0,881
5040,2020-12-16,BrabantWallon,85,24330,76,23440,0,0,890
5041,2020-12-17,BrabantWallon,80,24410,64,23504,0,0,906
5042,2020-12-18,BrabantWallon,73,24483,77,23581,0,0,902
5043,2020-12-19,BrabantWallon,44,24527,24,23605,0,0,922
5044,2020-12-20,BrabantWallon,17,24544,9,23614,0,0,930
5045,2020-12-21,BrabantWallon,104,24648,88,23702,0,0,946
5046,2020-12-22,BrabantWallon,69,24717,81,23783,0,0,934
5047,2020-12-23,BrabantWallon,75,24792,80,23863,0,0,929
5048,2020-12-24,BrabantWallon,48,24840,70,23933,0,0,907
5049,2020-12-25,BrabantWallon,6,24846,100,24033,0,0,813
5050,2020-12-26,BrabantWallon,27,24873,18,24051,0,0,822
5051,2020-12-27,BrabantWallon,14,24887,10,24061,0,0,826
5052,2020-12-28,BrabantWallon,75,24962,99,24160,0,0,802
5053,2020-12-29,BrabantWallon,90,25052,85,24245,0,0,807
5054,2020-12-30,BrabantWallon,57,25109,85,24330,0,0,779
5055,2020-12-31,BrabantWallon,56,25165,80,24410,0,0,755
5056,2021-01-01,BrabantWallon,31,25196,73,24483,0,0,713
5057,2021-01-02,BrabantWallon,43,25239,44,24527,0,0,712
5058,2021-01-03,BrabantWallon,52,25291,17,24544,0,0,747
5059,2021-01-04,BrabantWallon,78,25369,104,24648,0,0,721
5060,2021-01-05,BrabantWallon,97,25466,69,24717,0,0,749
5061,2021-01-06,BrabantWallon,110,25576,75,24792,0,0,784
5062,2021-01-07,BrabantWallon,65,25641,48,24840,0,0,801
5063,2021-01-08,BrabantWallon,77,25718,6,24846,0,0,872
5064,2021-01-09,BrabantWallon,49,25767,27,24873,0,0,894
5065,2021-01-10,BrabantWallon,28,25795,14,24887,0,0,908
5066,2021-01-11,BrabantWallon,112,25907,75,24962,0,0,945
5067,2021-01-12,BrabantWallon,105,26012,90,25052,0,0,960
5068,2021-01-13,BrabantWallon,67,26079,57,25109,0,0,970
5069,2021-01-14,BrabantWallon,66,26145,56,25165,0,0,980
5070,2021-01-15,BrabantWallon,73,26218,31,25196,0,0,1022
5071,2021-01-16,BrabantWallon,49,26267,43,25239,0,0,1028
5072,2021-01-17,BrabantWallon,8,26275,52,25291,0,0,984
5073,2021-01-18,BrabantWallon,111,26386,78,25369,0,0,1017
5074,2021-01-19,BrabantWallon,73,26459,97,25466,0,0,993
5075,2021-01-20,BrabantWallon,95,26554,110,25576,0,0,978
5076,2021-01-21,BrabantWallon,86,26640,65,25641,0,0,999
5077,2021-01-22,BrabantWallon,86,26726,77,25718,0,0,1008
5078,2021-01-23,BrabantWallon,50,26776,49,25767,0,0,1009
5079,2021-01-24,BrabantWallon,23,26799,28,25795,0,0,1004
5080,2021-01-25,BrabantWallon,132,26931,112,25907,0,0,1024
5081,2021-01-26,BrabantWallon,135,27066,105,26012,0,0,1054
5082,2021-01-27,BrabantWallon,117,27183,67,26079,0,0,1104
5083,2021-01-28,BrabantWallon,112,27295,66,26145,0,0,1150
5084,2021-01-29,BrabantWallon,145,27440,73,26218,0,0,1222
5085,2021-01-30,BrabantWallon,76,27516,49,26267,0,0,1249
5086,2021-01-31,BrabantWallon,37,27553,8,26275,0,0,1278
5087,2021-02-01,BrabantWallon,153,27706,111,26386,0,0,1320
5088,2021-02-02,BrabantWallon,120,27826,73,26459,0,0,1367
5089,2021-02-03,BrabantWallon,117,27943,95,26554,0,0,1389
5090,2021-02-04,BrabantWallon,99,28042,86,26640,0,0,1402
5091,2021-02-05,BrabantWallon,90,28132,86,26726,0,0,1406
5092,2021-02-06,BrabantWallon,60,28192,50,26776,0,0,1416
5093,2021-02-07,BrabantWallon,22,28214,23,26799,0,0,1415
5094,2021-02-08,BrabantWallon,89,28303,132,26931,0,0,1372
5095,2021-02-09,BrabantWallon,81,28384,135,27066,0,0,1318
5096,2021-02-10,BrabantWallon,94,28478,117,27183,0,0,1295
5097,2021-02-11,BrabantWallon,99,28577,112,27295,0,0,1282
5098,2021-02-12,BrabantWallon,80,28657,145,27440,0,0,1217
5099,2021-02-13,BrabantWallon,35,28692,76,27516,0,0,1176
5100,2021-02-14,BrabantWallon,12,28704,37,27553,0,0,1151
5101,2021-02-15,BrabantWallon,92,28796,153,27706,0,0,1090
5102,2021-02-16,BrabantWallon,99,28895,120,27826,0,0,1069
5103,2021-02-17,BrabantWallon,109,29004,117,27943,0,0,1061
5104,2021-02-18,BrabantWallon,77,29081,99,28042,0,0,1039
5105,2021-02-19,BrabantWallon,128,29209,90,28132,0,0,1077
5106,2021-02-20,BrabantWallon,82,29291,60,28192,0,0,1099
5107,2021-02-21,BrabantWallon,44,29335,22,28214,0,0,1121
5108,2021-02-22,BrabantWallon,148,29483,89,28303,0,0,1180
5109,2021-02-23,BrabantWallon,112,29595,81,28384,0,0,1211
5110,2021-02-24,BrabantWallon,114,29709,94,28478,0,0,1231
5111,2021-02-25,BrabantWallon,129,29838,99,28577,0,0,1261
5112,2021-02-26,BrabantWallon,133,29971,80,28657,0,0,1314
5113,2021-02-27,BrabantWallon,75,30046,35,28692,0,0,1354
5114,2021-02-28,BrabantWallon,27,30073,12,28704,0,0,1369
5115,2021-03-01,BrabantWallon,107,30180,92,28796,0,0,1384
5116,2021-03-02,BrabantWallon,86,30266,99,28895,0,0,1371
5117,2021-03-03,BrabantWallon,114,30380,109,29004,0,0,1376
5118,2021-03-04,BrabantWallon,91,30471,77,29081,0,0,1390
5119,2021-03-05,BrabantWallon,95,30566,128,29209,0,0,1357
5120,2021-03-06,BrabantWallon,44,30610,82,29291,0,0,1319
5121,2021-03-07,BrabantWallon,11,30621,44,29335,0,0,1286
5122,2021-03-08,BrabantWallon,97,30718,148,29483,0,0,1235
5123,2021-03-09,BrabantWallon,128,30846,112,29595,0,0,1251
5124,2021-03-10,BrabantWallon,102,30948,114,29709,0,0,1239
5125,2021-03-11,BrabantWallon,123,31071,129,29838,0,0,1233
5126,2021-03-12,BrabantWallon,129,31200,133,29971,0,0,1229
5127,2021-03-13,BrabantWallon,65,31265,75,30046,0,0,1219
5128,2021-03-14,BrabantWallon,69,31334,27,30073,0,0,1261
5129,2021-03-15,BrabantWallon,170,31504,107,30180,0,0,1324
5130,2021-03-16,BrabantWallon,168,31672,86,30266,0,0,1406
5131,2021-03-17,BrabantWallon,172,31844,114,30380,0,0,1464
5132,2021-03-18,BrabantWallon,196,32040,91,30471,0,0,1569
5133,2021-03-19,BrabantWallon,238,32278,95,30566,0,0,1712
5134,2021-03-20,BrabantWallon,121,32399,44,30610,0,0,1789
5135,2021-03-21,BrabantWallon,81,32480,11,30621,0,0,1859
5136,2021-03-22,BrabantWallon,247,32727,97,30718,0,0,2009
5137,2021-03-23,BrabantWallon,201,32928,128,30846,0,0,2082
5138,2021-03-24,BrabantWallon,207,33135,102,30948,0,0,2187
5139,2021-03-25,BrabantWallon,221,33356,123,31071,0,0,2285
5140,2021-03-26,BrabantWallon,224,33580,129,31200,0,0,2380
5141,2021-03-27,BrabantWallon,117,33697,65,31265,0,0,2432
5142,2021-03-28,BrabantWallon,71,33768,69,31334,0,0,2434
5143,2021-03-29,BrabantWallon,207,33975,170,31504,0,0,2471
5144,2021-03-30,BrabantWallon,229,34204,168,31672,0,0,2532
5145,2021-03-31,BrabantWallon,189,34393,172,31844,0,0,2549
5146,2021-04-01,BrabantWallon,180,34573,196,32040,0,0,2533
5147,2021-04-02,BrabantWallon,187,34760,238,32278,0,0,2482
5148,2021-04-03,BrabantWallon,112,34872,121,32399,0,0,2473
5149,2021-04-04,BrabantWallon,74,34946,81,32480,0,0,2466
5150,2021-04-05,BrabantWallon,46,34992,247,32727,0,0,2265
5151,2021-04-06,BrabantWallon,176,35168,201,32928,0,0,2240
5152,2021-04-07,BrabantWallon,160,35328,207,33135,0,0,2193
5153,2021-04-08,BrabantWallon,146,35474,221,33356,0,0,2118
5154,2021-04-09,BrabantWallon,161,35635,224,33580,0,0,2055
5155,2021-04-10,BrabantWallon,80,35715,117,33697,0,0,2018
5156,2021-04-11,BrabantWallon,74,35789,71,33768,0,0,2021
5157,2021-04-12,BrabantWallon,169,35958,207,33975,0,0,1983
5158,2021-04-13,BrabantWallon,142,36100,229,34204,0,0,1896
5159,2021-04-14,BrabantWallon,141,36241,189,34393,0,0,1848
5160,2021-04-15,BrabantWallon,112,36353,180,34573,0,0,1780
5161,2021-04-16,BrabantWallon,113,36466,187,34760,0,0,1706
5162,2021-04-17,BrabantWallon,85,36551,112,34872,0,0,1679
5163,2021-04-18,BrabantWallon,45,36596,74,34946,0,0,1650
5164,2021-04-19,BrabantWallon,187,36783,46,34992,0,0,1791
5165,2021-04-20,BrabantWallon,129,36912,176,35168,0,0,1744
5166,2021-04-21,BrabantWallon,126,37038,160,35328,0,0,1710
5167,2021-04-22,BrabantWallon,115,37153,146,35474,0,0,1679
5168,2021-04-23,BrabantWallon,124,37277,161,35635,0,0,1642
5169,2021-04-24,BrabantWallon,53,37330,80,35715,0,0,1615
5170,2021-04-25,BrabantWallon,36,37366,74,35789,0,0,1577
5171,2021-04-26,BrabantWallon,160,37526,169,35958,0,0,1568
5172,2021-04-27,BrabantWallon,120,37646,142,36100,0,0,1546
5173,2021-04-28,BrabantWallon,130,37776,141,36241,0,0,1535
5174,2021-04-29,BrabantWallon,100,37876,112,36353,0,0,1523
5175,2021-04-30,BrabantWallon,136,38012,113,36466,0,0,1546
5176,2021-05-01,BrabantWallon,40,38052,85,36551,0,0,1501
5177,2021-05-02,BrabantWallon,24,38076,45,36596,0,0,1480
5178,2021-05-03,BrabantWallon,127,38203,187,36783,0,0,1420
5179,2021-05-04,BrabantWallon,99,38302,129,36912,0,0,1390
5180,2021-05-05,BrabantWallon,113,38415,126,37038,0,0,1377
5181,2021-05-06,BrabantWallon,127,38542,115,37153,0,0,1389
5182,2021-05-07,BrabantWallon,106,38648,124,37277,0,0,1371
5183,2021-05-08,BrabantWallon,68,38716,53,37330,0,0,1386
5184,2021-05-09,BrabantWallon,28,38744,36,37366,0,0,1378
5185,2021-05-10,BrabantWallon,142,38886,160,37526,0,0,1360
5186,2021-05-11,BrabantWallon,126,39012,120,37646,0,0,1366
5187,2021-05-12,BrabantWallon,139,39151,130,37776,0,0,1375
5188,2021-05-13,BrabantWallon,32,39183,100,37876,0,0,1307
5189,2021-05-14,BrabantWallon,126,39309,136,38012,0,0,1297
5190,2021-05-15,BrabantWallon,38,39347,40,38052,0,0,1295
5191,2021-05-16,BrabantWallon,30,39377,24,38076,0,0,1301
5192,2021-05-17,BrabantWallon,139,39516,127,38203,0,0,1313
5193,2021-05-18,BrabantWallon,139,39655,99,38302,0,0,1353
5194,2021-05-19,BrabantWallon,147,39802,113,38415,0,0,1387
5195,2021-05-20,BrabantWallon,127,39929,127,38542,0,0,1387
5196,2021-05-21,BrabantWallon,102,40031,106,38648,0,0,1383
5197,2021-05-22,BrabantWallon,65,40096,68,38716,0,0,1380
5198,2021-05-23,BrabantWallon,44,40140,28,38744,0,0,1396
5199,2021-05-24,BrabantWallon,39,40179,142,38886,0,0,1293
5200,2021-05-25,BrabantWallon,108,40287,126,39012,0,0,1275
5201,2021-05-26,BrabantWallon,158,40445,139,39151,0,0,1294
5202,2021-05-27,BrabantWallon,120,40565,32,39183,0,0,1382
5203,2021-05-28,BrabantWallon,111,40676,126,39309,0,0,1367
5204,2021-05-29,BrabantWallon,51,40727,38,39347,0,0,1380
5205,2021-05-30,BrabantWallon,32,40759,30,39377,0,0,1382
5206,2021-05-31,BrabantWallon,76,40835,139,39516,0,0,1319
5207,2021-06-01,BrabantWallon,65,40900,139,39655,0,0,1245
5208,2021-06-02,BrabantWallon,92,40992,147,39802,0,0,1190
5209,2021-06-03,BrabantWallon,69,41061,127,39929,0,0,1132
5210,2021-06-04,BrabantWallon,65,41126,102,40031,0,0,1095
5211,2021-06-05,BrabantWallon,37,41163,65,40096,0,0,1067
5212,2021-06-06,BrabantWallon,20,41183,44,40140,0,0,1043
5213,2021-06-07,BrabantWallon,58,41241,39,40179,0,0,1062
5214,2021-06-08,BrabantWallon,51,41292,108,40287,0,0,1005
5215,2021-06-09,BrabantWallon,31,41323,0,40287,0,0,1036
5216,2021-06-10,BrabantWallon,32,41355,0,40287,0,0,1068
5217,2021-06-11,BrabantWallon,26,41381,0,40287,0,0,1094
5218,2021-06-12,BrabantWallon,12,41393,0,40287,0,0,1106
5219,2021-06-13,BrabantWallon,3,41396,0,40287,0,0,1109
5220,2021-06-14,BrabantWallon,35,41431,0,40287,0,0,1144
5221,2021-06-15,BrabantWallon,14,41445,0,40287,0,0,1158
5222,2021-06-16,BrabantWallon,19,41464,0,40287,0,0,1177
5223,2021-06-17,BrabantWallon,0,41464,0,40287,0,0,1177
5224,2021-06-18,BrabantWallon,0,41464,0,40287,0,0,1177
5225,2020-03-01,Antwerpen,1,1,0,0,0,0,1
5226,2020-03-02,Antwerpen,1,2,0,0,0,0,2
5227,2020-03-03,Antwerpen,5,7,0,0,0,0,7
5228,2020-03-04,Antwerpen,6,13,0,0,0,0,13
5229,2020-03-05,Antwerpen,11,24,0,0,0,0,24
5230,2020-03-06,Antwerpen,11,35,0,0,0,0,35
5231,2020-03-07,Antwerpen,8,43,0,0,0,0,43
5232,2020-03-08,Antwerpen,9,52,0,0,0,0,52
5233,2020-03-09,Antwerpen,8,60,0,0,0,0,60
5234,2020-03-10,Antwerpen,14,74,0,0,0,0,74
5235,2020-03-11,Antwerpen,21,95,0,0,0,0,95
5236,2020-03-12,Antwerpen,33,128,0,0,0,0,128
5237,2020-03-13,Antwerpen,47,175,0,0,0,0,175
5238,2020-03-14,Antwerpen,21,196,0,0,0,0,196
5239,2020-03-15,Antwerpen,24,220,1,1,0,0,219
5240,2020-03-16,Antwerpen,46,266,1,2,0,0,264
5241,2020-03-17,Antwerpen,54,320,5,7,0,0,313
5242,2020-03-18,Antwerpen,55,375,6,13,0,0,362
5243,2020-03-19,Antwerpen,82,457,11,24,0,0,433
5244,2020-03-20,Antwerpen,67,524,11,35,0,0,489
5245,2020-03-21,Antwerpen,63,587,8,43,0,0,544
5246,2020-03-22,Antwerpen,55,642,9,52,0,0,590
5247,2020-03-23,Antwerpen,194,836,8,60,0,0,776
5248,2020-03-24,Antwerpen,172,1008,14,74,0,0,934
5249,2020-03-25,Antwerpen,171,1179,21,95,0,0,1084
5250,2020-03-26,Antwerpen,183,1362,33,128,0,0,1234
5251,2020-03-27,Antwerpen,190,1552,47,175,0,0,1377
5252,2020-03-28,Antwerpen,100,1652,21,196,0,0,1456
5253,2020-03-29,Antwerpen,102,1754,24,220,0,0,1534
5254,2020-03-30,Antwerpen,231,1985,46,266,0,0,1719
5255,2020-03-31,Antwerpen,175,2160,54,320,0,0,1840
5256,2020-04-01,Antwerpen,178,2338,55,375,0,0,1963
5257,2020-04-02,Antwerpen,166,2504,82,457,0,0,2047
5258,2020-04-03,Antwerpen,186,2690,67,524,0,0,2166
5259,2020-04-04,Antwerpen,108,2798,63,587,0,0,2211
5260,2020-04-05,Antwerpen,79,2877,55,642,0,0,2235
5261,2020-04-06,Antwerpen,247,3124,194,836,0,0,2288
5262,2020-04-07,Antwerpen,179,3303,172,1008,0,0,2295
5263,2020-04-08,Antwerpen,216,3519,171,1179,0,0,2340
5264,2020-04-09,Antwerpen,302,3821,183,1362,0,0,2459
5265,2020-04-10,Antwerpen,264,4085,190,1552,0,0,2533
5266,2020-04-11,Antwerpen,93,4178,100,1652,0,0,2526
5267,2020-04-12,Antwerpen,86,4264,102,1754,0,0,2510
5268,2020-04-13,Antwerpen,65,4329,231,1985,0,0,2344
5269,2020-04-14,Antwerpen,143,4472,175,2160,0,0,2312
5270,2020-04-15,Antwerpen,175,4647,178,2338,0,0,2309
5271,2020-04-16,Antwerpen,211,4858,166,2504,0,0,2354
5272,2020-04-17,Antwerpen,110,4968,186,2690,0,0,2278
5273,2020-04-18,Antwerpen,63,5031,108,2798,0,0,2233
5274,2020-04-19,Antwerpen,51,5082,79,2877,0,0,2205
5275,2020-04-20,Antwerpen,167,5249,247,3124,0,0,2125
5276,2020-04-21,Antwerpen,184,5433,179,3303,0,0,2130
5277,2020-04-22,Antwerpen,102,5535,216,3519,0,0,2016
5278,2020-04-23,Antwerpen,132,5667,302,3821,0,0,1846
5279,2020-04-24,Antwerpen,84,5751,264,4085,0,0,1666
5280,2020-04-25,Antwerpen,38,5789,93,4178,0,0,1611
5281,2020-04-26,Antwerpen,39,5828,86,4264,0,0,1564
5282,2020-04-27,Antwerpen,152,5980,65,4329,0,0,1651
5283,2020-04-28,Antwerpen,124,6104,143,4472,0,0,1632
5284,2020-04-29,Antwerpen,121,6225,175,4647,0,0,1578
5285,2020-04-30,Antwerpen,173,6398,211,4858,0,0,1540
5286,2020-05-01,Antwerpen,71,6469,110,4968,0,0,1501
5287,2020-05-02,Antwerpen,54,6523,63,5031,0,0,1492
5288,2020-05-03,Antwerpen,39,6562,51,5082,0,0,1480
5289,2020-05-04,Antwerpen,168,6730,167,5249,0,0,1481
5290,2020-05-05,Antwerpen,139,6869,184,5433,0,0,1436
5291,2020-05-06,Antwerpen,153,7022,102,5535,0,0,1487
5292,2020-05-07,Antwerpen,94,7116,132,5667,0,0,1449
5293,2020-05-08,Antwerpen,61,7177,84,5751,0,0,1426
5294,2020-05-09,Antwerpen,41,7218,38,5789,0,0,1429
5295,2020-05-10,Antwerpen,28,7246,39,5828,0,0,1418
5296,2020-05-11,Antwerpen,85,7331,152,5980,0,0,1351
5297,2020-05-12,Antwerpen,88,7419,124,6104,0,0,1315
5298,2020-05-13,Antwerpen,56,7475,121,6225,0,0,1250
5299,2020-05-14,Antwerpen,48,7523,173,6398,0,0,1125
5300,2020-05-15,Antwerpen,69,7592,71,6469,0,0,1123
5301,2020-05-16,Antwerpen,21,7613,54,6523,0,0,1090
5302,2020-05-17,Antwerpen,17,7630,39,6562,0,0,1068
5303,2020-05-18,Antwerpen,72,7702,168,6730,0,0,972
5304,2020-05-19,Antwerpen,36,7738,139,6869,0,0,869
5305,2020-05-20,Antwerpen,87,7825,153,7022,0,0,803
5306,2020-05-21,Antwerpen,10,7835,94,7116,0,0,719
5307,2020-05-22,Antwerpen,49,7884,61,7177,0,0,707
5308,2020-05-23,Antwerpen,17,7901,41,7218,0,0,683
5309,2020-05-24,Antwerpen,17,7918,28,7246,0,0,672
5310,2020-05-25,Antwerpen,50,7968,85,7331,0,0,637
5311,2020-05-26,Antwerpen,34,8002,88,7419,0,0,583
5312,2020-05-27,Antwerpen,28,8030,56,7475,0,0,555
5313,2020-05-28,Antwerpen,35,8065,48,7523,0,0,542
5314,2020-05-29,Antwerpen,29,8094,69,7592,0,0,502
5315,2020-05-30,Antwerpen,8,8102,21,7613,0,0,489
5316,2020-05-31,Antwerpen,7,8109,17,7630,0,0,479
5317,2020-06-01,Antwerpen,9,8118,72,7702,0,0,416
5318,2020-06-02,Antwerpen,25,8143,36,7738,0,0,405
5319,2020-06-03,Antwerpen,30,8173,87,7825,0,0,348
5320,2020-06-04,Antwerpen,29,8202,10,7835,0,0,367
5321,2020-06-05,Antwerpen,21,8223,49,7884,0,0,339
5322,2020-06-06,Antwerpen,10,8233,17,7901,0,0,332
5323,2020-06-07,Antwerpen,5,8238,17,7918,0,0,320
5324,2020-06-08,Antwerpen,23,8261,50,7968,0,0,293
5325,2020-06-09,Antwerpen,20,8281,34,8002,0,0,279
5326,2020-06-10,Antwerpen,14,8295,28,8030,0,0,265
5327,2020-06-11,Antwerpen,12,8307,35,8065,0,0,242
5328,2020-06-12,Antwerpen,15,8322,29,8094,0,0,228
5329,2020-06-13,Antwerpen,6,8328,8,8102,0,0,226
5330,2020-06-14,Antwerpen,7,8335,7,8109,0,0,226
5331,2020-06-15,Antwerpen,31,8366,9,8118,0,0,248
5332,2020-06-16,Antwerpen,16,8382,25,8143,0,0,239
5333,2020-06-17,Antwerpen,33,8415,30,8173,0,0,242
5334,2020-06-18,Antwerpen,13,8428,29,8202,0,0,226
5335,2020-06-19,Antwerpen,21,8449,21,8223,0,0,226
5336,2020-06-20,Antwerpen,9,8458,10,8233,0,0,225
5337,2020-06-21,Antwerpen,3,8461,5,8238,0,0,223
5338,2020-06-22,Antwerpen,26,8487,23,8261,0,0,226
5339,2020-06-23,Antwerpen,14,8501,20,8281,0,0,220
5340,2020-06-24,Antwerpen,20,8521,14,8295,0,0,226
5341,2020-06-25,Antwerpen,21,8542,12,8307,0,0,235
5342,2020-06-26,Antwerpen,16,8558,15,8322,0,0,236
5343,2020-06-27,Antwerpen,4,8562,6,8328,0,0,234
5344,2020-06-28,Antwerpen,8,8570,7,8335,0,0,235
5345,2020-06-29,Antwerpen,31,8601,31,8366,0,0,235
5346,2020-06-30,Antwerpen,14,8615,16,8382,0,0,233
5347,2020-07-01,Antwerpen,38,8653,33,8415,0,0,238
5348,2020-07-02,Antwerpen,21,8674,13,8428,0,0,246
5349,2020-07-03,Antwerpen,27,8701,21,8449,0,0,252
5350,2020-07-04,Antwerpen,12,8713,9,8458,0,0,255
5351,2020-07-05,Antwerpen,4,8717,3,8461,0,0,256
5352,2020-07-06,Antwerpen,33,8750,26,8487,0,0,263
5353,2020-07-07,Antwerpen,23,8773,14,8501,0,0,272
5354,2020-07-08,Antwerpen,41,8814,20,8521,0,0,293
5355,2020-07-09,Antwerpen,20,8834,21,8542,0,0,292
5356,2020-07-10,Antwerpen,38,8872,16,8558,0,0,314
5357,2020-07-11,Antwerpen,9,8881,4,8562,0,0,319
5358,2020-07-12,Antwerpen,8,8889,8,8570,0,0,319
5359,2020-07-13,Antwerpen,89,8978,31,8601,0,0,377
5360,2020-07-14,Antwerpen,47,9025,14,8615,0,0,410
5361,2020-07-15,Antwerpen,77,9102,38,8653,0,0,449
5362,2020-07-16,Antwerpen,82,9184,21,8674,0,0,510
5363,2020-07-17,Antwerpen,122,9306,27,8701,0,0,605
5364,2020-07-18,Antwerpen,54,9360,12,8713,0,0,647
5365,2020-07-19,Antwerpen,29,9389,4,8717,0,0,672
5366,2020-07-20,Antwerpen,200,9589,33,8750,0,0,839
5367,2020-07-21,Antwerpen,54,9643,23,8773,0,0,870
5368,2020-07-22,Antwerpen,272,9915,41,8814,0,0,1101
5369,2020-07-23,Antwerpen,219,10134,20,8834,0,0,1300
5370,2020-07-24,Antwerpen,256,10390,38,8872,0,0,1518
5371,2020-07-25,Antwerpen,80,10470,9,8881,0,0,1589
5372,2020-07-26,Antwerpen,96,10566,8,8889,0,0,1677
5373,2020-07-27,Antwerpen,307,10873,89,8978,0,0,1895
5374,2020-07-28,Antwerpen,235,11108,47,9025,0,0,2083
5375,2020-07-29,Antwerpen,230,11338,77,9102,0,0,2236
5376,2020-07-30,Antwerpen,232,11570,82,9184,0,0,2386
5377,2020-07-31,Antwerpen,269,11839,122,9306,0,0,2533
5378,2020-08-01,Antwerpen,113,11952,54,9360,0,0,2592
5379,2020-08-02,Antwerpen,47,11999,29,9389,0,0,2610
5380,2020-08-03,Antwerpen,287,12286,200,9589,0,0,2697
5381,2020-08-04,Antwerpen,272,12558,54,9643,0,0,2915
5382,2020-08-05,Antwerpen,233,12791,272,9915,0,0,2876
5383,2020-08-06,Antwerpen,245,13036,219,10134,0,0,2902
5384,2020-08-07,Antwerpen,266,13302,256,10390,0,0,2912
5385,2020-08-08,Antwerpen,86,13388,80,10470,0,0,2918
5386,2020-08-09,Antwerpen,33,13421,96,10566,0,0,2855
5387,2020-08-10,Antwerpen,248,13669,307,10873,0,0,2796
5388,2020-08-11,Antwerpen,191,13860,235,11108,0,0,2752
5389,2020-08-12,Antwerpen,141,14001,230,11338,0,0,2663
5390,2020-08-13,Antwerpen,156,14157,232,11570,0,0,2587
5391,2020-08-14,Antwerpen,149,14306,269,11839,0,0,2467
5392,2020-08-15,Antwerpen,42,14348,113,11952,0,0,2396
5393,2020-08-16,Antwerpen,40,14388,47,11999,0,0,2389
5394,2020-08-17,Antwerpen,156,14544,287,12286,0,0,2258
5395,2020-08-18,Antwerpen,136,14680,272,12558,0,0,2122
5396,2020-08-19,Antwerpen,127,14807,233,12791,0,0,2016
5397,2020-08-20,Antwerpen,140,14947,245,13036,0,0,1911
5398,2020-08-21,Antwerpen,102,15049,266,13302,0,0,1747
5399,2020-08-22,Antwerpen,44,15093,86,13388,0,0,1705
5400,2020-08-23,Antwerpen,27,15120,33,13421,0,0,1699
5401,2020-08-24,Antwerpen,159,15279,248,13669,0,0,1610
5402,2020-08-25,Antwerpen,98,15377,191,13860,0,0,1517
5403,2020-08-26,Antwerpen,98,15475,141,14001,0,0,1474
5404,2020-08-27,Antwerpen,81,15556,156,14157,0,0,1399
5405,2020-08-28,Antwerpen,82,15638,149,14306,0,0,1332
5406,2020-08-29,Antwerpen,42,15680,42,14348,0,0,1332
5407,2020-08-30,Antwerpen,36,15716,40,14388,0,0,1328
5408,2020-08-31,Antwerpen,138,15854,156,14544,0,0,1310
5409,2020-09-01,Antwerpen,92,15946,136,14680,0,0,1266
5410,2020-09-02,Antwerpen,102,16048,127,14807,0,0,1241
5411,2020-09-03,Antwerpen,151,16199,140,14947,0,0,1252
5412,2020-09-04,Antwerpen,144,16343,102,15049,0,0,1294
5413,2020-09-05,Antwerpen,44,16387,44,15093,0,0,1294
5414,2020-09-06,Antwerpen,35,16422,27,15120,0,0,1302
5415,2020-09-07,Antwerpen,182,16604,159,15279,0,0,1325
5416,2020-09-08,Antwerpen,166,16770,98,15377,0,0,1393
5417,2020-09-09,Antwerpen,166,16936,98,15475,0,0,1461
5418,2020-09-10,Antwerpen,228,17164,81,15556,0,0,1608
5419,2020-09-11,Antwerpen,235,17399,82,15638,0,0,1761
5420,2020-09-12,Antwerpen,114,17513,42,15680,0,0,1833
5421,2020-09-13,Antwerpen,50,17563,36,15716,0,0,1847
5422,2020-09-14,Antwerpen,298,17861,138,15854,0,0,2007
5423,2020-09-15,Antwerpen,247,18108,92,15946,0,0,2162
5424,2020-09-16,Antwerpen,318,18426,102,16048,0,0,2378
5425,2020-09-17,Antwerpen,352,18778,151,16199,0,0,2579
5426,2020-09-18,Antwerpen,289,19067,144,16343,0,0,2724
5427,2020-09-19,Antwerpen,179,19246,44,16387,0,0,2859
5428,2020-09-20,Antwerpen,116,19362,35,16422,0,0,2940
5429,2020-09-21,Antwerpen,368,19730,182,16604,0,0,3126
5430,2020-09-22,Antwerpen,292,20022,166,16770,0,0,3252
5431,2020-09-23,Antwerpen,336,20358,166,16936,0,0,3422
5432,2020-09-24,Antwerpen,373,20731,228,17164,0,0,3567
5433,2020-09-25,Antwerpen,318,21049,235,17399,0,0,3650
5434,2020-09-26,Antwerpen,143,21192,114,17513,0,0,3679
5435,2020-09-27,Antwerpen,89,21281,50,17563,0,0,3718
5436,2020-09-28,Antwerpen,360,21641,298,17861,0,0,3780
5437,2020-09-29,Antwerpen,384,22025,247,18108,0,0,3917
5438,2020-09-30,Antwerpen,413,22438,318,18426,0,0,4012
5439,2020-10-01,Antwerpen,345,22783,352,18778,0,0,4005
5440,2020-10-02,Antwerpen,338,23121,289,19067,0,0,4054
5441,2020-10-03,Antwerpen,153,23274,179,19246,0,0,4028
5442,2020-10-04,Antwerpen,141,23415,116,19362,0,0,4053
5443,2020-10-05,Antwerpen,578,23993,368,19730,0,0,4263
5444,2020-10-06,Antwerpen,572,24565,292,20022,0,0,4543
5445,2020-10-07,Antwerpen,626,25191,336,20358,0,0,4833
5446,2020-10-08,Antwerpen,693,25884,373,20731,0,0,5153
5447,2020-10-09,Antwerpen,826,26710,318,21049,0,0,5661
5448,2020-10-10,Antwerpen,431,27141,143,21192,0,0,5949
5449,2020-10-11,Antwerpen,269,27410,89,21281,0,0,6129
5450,2020-10-12,Antwerpen,1101,28511,360,21641,0,0,6870
5451,2020-10-13,Antwerpen,1027,29538,384,22025,0,0,7513
5452,2020-10-14,Antwerpen,1178,30716,413,22438,0,0,8278
5453,2020-10-15,Antwerpen,1099,31815,345,22783,0,0,9032
5454,2020-10-16,Antwerpen,1180,32995,338,23121,0,0,9874
5455,2020-10-17,Antwerpen,670,33665,153,23274,0,0,10391
5456,2020-10-18,Antwerpen,417,34082,141,23415,0,0,10667
5457,2020-10-19,Antwerpen,1827,35909,578,23993,0,0,11916
5458,2020-10-20,Antwerpen,1739,37648,572,24565,0,0,13083
5459,2020-10-21,Antwerpen,1552,39200,626,25191,0,0,14009
5460,2020-10-22,Antwerpen,1545,40745,693,25884,0,0,14861
5461,2020-10-23,Antwerpen,1824,42569,826,26710,0,0,15859
5462,2020-10-24,Antwerpen,800,43369,431,27141,0,0,16228
5463,2020-10-25,Antwerpen,475,43844,269,27410,0,0,16434
5464,2020-10-26,Antwerpen,2305,46149,1101,28511,0,0,17638
5465,2020-10-27,Antwerpen,1914,48063,1027,29538,0,0,18525
5466,2020-10-28,Antwerpen,1562,49625,1178,30716,0,0,18909
5467,2020-10-29,Antwerpen,1292,50917,1099,31815,0,0,19102
5468,2020-10-30,Antwerpen,1419,52336,1180,32995,0,0,19341
5469,2020-10-31,Antwerpen,531,52867,670,33665,0,0,19202
5470,2020-11-01,Antwerpen,321,53188,417,34082,0,0,19106
5471,2020-11-02,Antwerpen,1476,54664,1827,35909,0,0,18755
5472,2020-11-03,Antwerpen,1162,55826,1739,37648,0,0,18178
5473,2020-11-04,Antwerpen,768,56594,1552,39200,0,0,17394
5474,2020-11-05,Antwerpen,759,57353,1545,40745,0,0,16608
5475,2020-11-06,Antwerpen,769,58122,1824,42569,0,0,15553
5476,2020-11-07,Antwerpen,401,58523,800,43369,0,0,15154
5477,2020-11-08,Antwerpen,205,58728,475,43844,0,0,14884
5478,2020-11-09,Antwerpen,1041,59769,2305,46149,0,0,13620
5479,2020-11-10,Antwerpen,770,60539,1914,48063,0,0,12476
5480,2020-11-11,Antwerpen,245,60784,1562,49625,0,0,11159
5481,2020-11-12,Antwerpen,687,61471,1292,50917,0,0,10554
5482,2020-11-13,Antwerpen,665,62136,1419,52336,0,0,9800
5483,2020-11-14,Antwerpen,197,62333,531,52867,0,0,9466
5484,2020-11-15,Antwerpen,238,62571,321,53188,0,0,9383
5485,2020-11-16,Antwerpen,807,63378,1476,54664,0,0,8714
5486,2020-11-17,Antwerpen,609,63987,1162,55826,0,0,8161
5487,2020-11-18,Antwerpen,474,64461,768,56594,0,0,7867
5488,2020-11-19,Antwerpen,397,64858,759,57353,0,0,7505
5489,2020-11-20,Antwerpen,456,65314,769,58122,0,0,7192
5490,2020-11-21,Antwerpen,178,65492,401,58523,0,0,6969
5491,2020-11-22,Antwerpen,93,65585,205,58728,0,0,6857
5492,2020-11-23,Antwerpen,619,66204,1041,59769,0,0,6435
5493,2020-11-24,Antwerpen,372,66576,770,60539,0,0,6037
5494,2020-11-25,Antwerpen,390,66966,245,60784,0,0,6182
5495,2020-11-26,Antwerpen,309,67275,687,61471,0,0,5804
5496,2020-11-27,Antwerpen,387,67662,665,62136,0,0,5526
5497,2020-11-28,Antwerpen,152,67814,197,62333,0,0,5481
5498,2020-11-29,Antwerpen,106,67920,238,62571,0,0,5349
5499,2020-11-30,Antwerpen,609,68529,807,63378,0,0,5151
5500,2020-12-01,Antwerpen,333,68862,609,63987,0,0,4875
5501,2020-12-02,Antwerpen,430,69292,474,64461,0,0,4831
5502,2020-12-03,Antwerpen,331,69623,397,64858,0,0,4765
5503,2020-12-04,Antwerpen,377,70000,456,65314,0,0,4686
5504,2020-12-05,Antwerpen,175,70175,178,65492,0,0,4683
5505,2020-12-06,Antwerpen,116,70291,93,65585,0,0,4706
5506,2020-12-07,Antwerpen,568,70859,619,66204,0,0,4655
5507,2020-12-08,Antwerpen,380,71239,372,66576,0,0,4663
5508,2020-12-09,Antwerpen,483,71722,390,66966,0,0,4756
5509,2020-12-10,Antwerpen,415,72137,309,67275,0,0,4862
5510,2020-12-11,Antwerpen,521,72658,387,67662,0,0,4996
5511,2020-12-12,Antwerpen,241,72899,152,67814,0,0,5085
5512,2020-12-13,Antwerpen,169,73068,106,67920,0,0,5148
5513,2020-12-14,Antwerpen,734,73802,609,68529,0,0,5273
5514,2020-12-15,Antwerpen,525,74327,333,68862,0,0,5465
5515,2020-12-16,Antwerpen,548,74875,430,69292,0,0,5583
5516,2020-12-17,Antwerpen,524,75399,331,69623,0,0,5776
5517,2020-12-18,Antwerpen,422,75821,377,70000,0,0,5821
5518,2020-12-19,Antwerpen,225,76046,175,70175,0,0,5871
5519,2020-12-20,Antwerpen,128,76174,116,70291,0,0,5883
5520,2020-12-21,Antwerpen,589,76763,568,70859,0,0,5904
5521,2020-12-22,Antwerpen,411,77174,380,71239,0,0,5935
5522,2020-12-23,Antwerpen,458,77632,483,71722,0,0,5910
5523,2020-12-24,Antwerpen,286,77918,415,72137,0,0,5781
5524,2020-12-25,Antwerpen,108,78026,521,72658,0,0,5368
5525,2020-12-26,Antwerpen,238,78264,241,72899,0,0,5365
5526,2020-12-27,Antwerpen,84,78348,169,73068,0,0,5280
5527,2020-12-28,Antwerpen,432,78780,734,73802,0,0,4978
5528,2020-12-29,Antwerpen,402,79182,525,74327,0,0,4855
5529,2020-12-30,Antwerpen,338,79520,548,74875,0,0,4645
5530,2020-12-31,Antwerpen,269,79789,524,75399,0,0,4390
5531,2021-01-01,Antwerpen,89,79878,422,75821,0,0,4057
5532,2021-01-02,Antwerpen,218,80096,225,76046,0,0,4050
5533,2021-01-03,Antwerpen,109,80205,128,76174,0,0,4031
5534,2021-01-04,Antwerpen,497,80702,589,76763,0,0,3939
5535,2021-01-05,Antwerpen,372,81074,411,77174,0,0,3900
5536,2021-01-06,Antwerpen,319,81393,458,77632,0,0,3761
5537,2021-01-07,Antwerpen,257,81650,286,77918,0,0,3732
5538,2021-01-08,Antwerpen,306,81956,108,78026,0,0,3930
5539,2021-01-09,Antwerpen,206,82162,238,78264,0,0,3898
5540,2021-01-10,Antwerpen,150,82312,84,78348,0,0,3964
5541,2021-01-11,Antwerpen,433,82745,432,78780,0,0,3965
5542,2021-01-12,Antwerpen,367,83112,402,79182,0,0,3930
5543,2021-01-13,Antwerpen,353,83465,338,79520,0,0,3945
5544,2021-01-14,Antwerpen,278,83743,269,79789,0,0,3954
5545,2021-01-15,Antwerpen,303,84046,89,79878,0,0,4168
5546,2021-01-16,Antwerpen,210,84256,218,80096,0,0,4160
5547,2021-01-17,Antwerpen,154,84410,109,80205,0,0,4205
5548,2021-01-18,Antwerpen,480,84890,497,80702,0,0,4188
5549,2021-01-19,Antwerpen,357,85247,372,81074,0,0,4173
5550,2021-01-20,Antwerpen,371,85618,319,81393,0,0,4225
5551,2021-01-21,Antwerpen,325,85943,257,81650,0,0,4293
5552,2021-01-22,Antwerpen,391,86334,306,81956,0,0,4378
5553,2021-01-23,Antwerpen,213,86547,206,82162,0,0,4385
5554,2021-01-24,Antwerpen,160,86707,150,82312,0,0,4395
5555,2021-01-25,Antwerpen,478,87185,433,82745,0,0,4440
5556,2021-01-26,Antwerpen,376,87561,367,83112,0,0,4449
5557,2021-01-27,Antwerpen,361,87922,353,83465,0,0,4457
5558,2021-01-28,Antwerpen,352,88274,278,83743,0,0,4531
5559,2021-01-29,Antwerpen,421,88695,303,84046,0,0,4649
5560,2021-01-30,Antwerpen,210,88905,210,84256,0,0,4649
5561,2021-01-31,Antwerpen,147,89052,154,84410,0,0,4642
5562,2021-02-01,Antwerpen,483,89535,480,84890,0,0,4645
5563,2021-02-02,Antwerpen,263,89798,357,85247,0,0,4551
5564,2021-02-03,Antwerpen,304,90102,371,85618,0,0,4484
5565,2021-02-04,Antwerpen,339,90441,325,85943,0,0,4498
5566,2021-02-05,Antwerpen,349,90790,391,86334,0,0,4456
5567,2021-02-06,Antwerpen,160,90950,213,86547,0,0,4403
5568,2021-02-07,Antwerpen,117,91067,160,86707,0,0,4360
5569,2021-02-08,Antwerpen,333,91400,478,87185,0,0,4215
5570,2021-02-09,Antwerpen,289,91689,376,87561,0,0,4128
5571,2021-02-10,Antwerpen,303,91992,361,87922,0,0,4070
5572,2021-02-11,Antwerpen,284,92276,352,88274,0,0,4002
5573,2021-02-12,Antwerpen,278,92554,421,88695,0,0,3859
5574,2021-02-13,Antwerpen,152,92706,210,88905,0,0,3801
5575,2021-02-14,Antwerpen,119,92825,147,89052,0,0,3773
5576,2021-02-15,Antwerpen,392,93217,483,89535,0,0,3682
5577,2021-02-16,Antwerpen,297,93514,263,89798,0,0,3716
5578,2021-02-17,Antwerpen,348,93862,304,90102,0,0,3760
5579,2021-02-18,Antwerpen,315,94177,339,90441,0,0,3736
5580,2021-02-19,Antwerpen,390,94567,349,90790,0,0,3777
5581,2021-02-20,Antwerpen,206,94773,160,90950,0,0,3823
5582,2021-02-21,Antwerpen,169,94942,117,91067,0,0,3875
5583,2021-02-22,Antwerpen,482,95424,333,91400,0,0,4024
5584,2021-02-23,Antwerpen,400,95824,289,91689,0,0,4135
5585,2021-02-24,Antwerpen,411,96235,303,91992,0,0,4243
5586,2021-02-25,Antwerpen,366,96601,284,92276,0,0,4325
5587,2021-02-26,Antwerpen,361,96962,278,92554,0,0,4408
5588,2021-02-27,Antwerpen,203,97165,152,92706,0,0,4459
5589,2021-02-28,Antwerpen,128,97293,119,92825,0,0,4468
5590,2021-03-01,Antwerpen,436,97729,392,93217,0,0,4512
5591,2021-03-02,Antwerpen,369,98098,297,93514,0,0,4584
5592,2021-03-03,Antwerpen,396,98494,348,93862,0,0,4632
5593,2021-03-04,Antwerpen,378,98872,315,94177,0,0,4695
5594,2021-03-05,Antwerpen,402,99274,390,94567,0,0,4707
5595,2021-03-06,Antwerpen,228,99502,206,94773,0,0,4729
5596,2021-03-07,Antwerpen,160,99662,169,94942,0,0,4720
5597,2021-03-08,Antwerpen,509,100171,482,95424,0,0,4747
5598,2021-03-09,Antwerpen,467,100638,400,95824,0,0,4814
5599,2021-03-10,Antwerpen,427,101065,411,96235,0,0,4830
5600,2021-03-11,Antwerpen,490,101555,366,96601,0,0,4954
5601,2021-03-12,Antwerpen,524,102079,361,96962,0,0,5117
5602,2021-03-13,Antwerpen,289,102368,203,97165,0,0,5203
5603,2021-03-14,Antwerpen,260,102628,128,97293,0,0,5335
5604,2021-03-15,Antwerpen,711,103339,436,97729,0,0,5610
5605,2021-03-16,Antwerpen,616,103955,369,98098,0,0,5857
5606,2021-03-17,Antwerpen,684,104639,396,98494,0,0,6145
5607,2021-03-18,Antwerpen,633,105272,378,98872,0,0,6400
5608,2021-03-19,Antwerpen,684,105956,402,99274,0,0,6682
5609,2021-03-20,Antwerpen,402,106358,228,99502,0,0,6856
5610,2021-03-21,Antwerpen,300,106658,160,99662,0,0,6996
5611,2021-03-22,Antwerpen,856,107514,509,100171,0,0,7343
5612,2021-03-23,Antwerpen,724,108238,467,100638,0,0,7600
5613,2021-03-24,Antwerpen,694,108932,427,101065,0,0,7867
5614,2021-03-25,Antwerpen,722,109654,490,101555,0,0,8099
5615,2021-03-26,Antwerpen,683,110337,524,102079,0,0,8258
5616,2021-03-27,Antwerpen,385,110722,289,102368,0,0,8354
5617,2021-03-28,Antwerpen,302,111024,260,102628,0,0,8396
5618,2021-03-29,Antwerpen,806,111830,711,103339,0,0,8491
5619,2021-03-30,Antwerpen,625,112455,616,103955,0,0,8500
5620,2021-03-31,Antwerpen,573,113028,684,104639,0,0,8389
5621,2021-04-01,Antwerpen,560,113588,633,105272,0,0,8316
5622,2021-04-02,Antwerpen,624,114212,684,105956,0,0,8256
5623,2021-04-03,Antwerpen,303,114515,402,106358,0,0,8157
5624,2021-04-04,Antwerpen,225,114740,300,106658,0,0,8082
5625,2021-04-05,Antwerpen,278,115018,856,107514,0,0,7504
5626,2021-04-06,Antwerpen,718,115736,724,108238,0,0,7498
5627,2021-04-07,Antwerpen,572,116308,694,108932,0,0,7376
5628,2021-04-08,Antwerpen,569,116877,722,109654,0,0,7223
5629,2021-04-09,Antwerpen,558,117435,683,110337,0,0,7098
5630,2021-04-10,Antwerpen,306,117741,385,110722,0,0,7019
5631,2021-04-11,Antwerpen,247,117988,302,111024,0,0,6964
5632,2021-04-12,Antwerpen,574,118562,806,111830,0,0,6732
5633,2021-04-13,Antwerpen,537,119099,625,112455,0,0,6644
5634,2021-04-14,Antwerpen,500,119599,573,113028,0,0,6571
5635,2021-04-15,Antwerpen,535,120134,560,113588,0,0,6546
5636,2021-04-16,Antwerpen,535,120669,624,114212,0,0,6457
5637,2021-04-17,Antwerpen,325,120994,303,114515,0,0,6479
5638,2021-04-18,Antwerpen,248,121242,225,114740,0,0,6502
5639,2021-04-19,Antwerpen,694,121936,278,115018,0,0,6918
5640,2021-04-20,Antwerpen,622,122558,718,115736,0,0,6822
5641,2021-04-21,Antwerpen,598,123156,572,116308,0,0,6848
5642,2021-04-22,Antwerpen,547,123703,569,116877,0,0,6826
5643,2021-04-23,Antwerpen,491,124194,558,117435,0,0,6759
5644,2021-04-24,Antwerpen,239,124433,306,117741,0,0,6692
5645,2021-04-25,Antwerpen,202,124635,247,117988,0,0,6647
5646,2021-04-26,Antwerpen,572,125207,574,118562,0,0,6645
5647,2021-04-27,Antwerpen,499,125706,537,119099,0,0,6607
5648,2021-04-28,Antwerpen,550,126256,500,119599,0,0,6657
5649,2021-04-29,Antwerpen,496,126752,535,120134,0,0,6618
5650,2021-04-30,Antwerpen,466,127218,535,120669,0,0,6549
5651,2021-05-01,Antwerpen,210,127428,325,120994,0,0,6434
5652,2021-05-02,Antwerpen,231,127659,248,121242,0,0,6417
5653,2021-05-03,Antwerpen,643,128302,694,121936,0,0,6366
5654,2021-05-04,Antwerpen,539,128841,622,122558,0,0,6283
5655,2021-05-05,Antwerpen,488,129329,598,123156,0,0,6173
5656,2021-05-06,Antwerpen,533,129862,547,123703,0,0,6159
5657,2021-05-07,Antwerpen,471,130333,491,124194,0,0,6139
5658,2021-05-08,Antwerpen,336,130669,239,124433,0,0,6236
5659,2021-05-09,Antwerpen,207,130876,202,124635,0,0,6241
5660,2021-05-10,Antwerpen,558,131434,572,125207,0,0,6227
5661,2021-05-11,Antwerpen,462,131896,499,125706,0,0,6190
5662,2021-05-12,Antwerpen,442,132338,550,126256,0,0,6082
5663,2021-05-13,Antwerpen,190,132528,496,126752,0,0,5776
5664,2021-05-14,Antwerpen,351,132879,466,127218,0,0,5661
5665,2021-05-15,Antwerpen,244,133123,210,127428,0,0,5695
5666,2021-05-16,Antwerpen,185,133308,231,127659,0,0,5649
5667,2021-05-17,Antwerpen,569,133877,643,128302,0,0,5575
5668,2021-05-18,Antwerpen,488,134365,539,128841,0,0,5524
5669,2021-05-19,Antwerpen,534,134899,488,129329,0,0,5570
5670,2021-05-20,Antwerpen,321,135220,533,129862,0,0,5358
5671,2021-05-21,Antwerpen,389,135609,471,130333,0,0,5276
5672,2021-05-22,Antwerpen,223,135832,336,130669,0,0,5163
5673,2021-05-23,Antwerpen,175,136007,207,130876,0,0,5131
5674,2021-05-24,Antwerpen,149,136156,558,131434,0,0,4722
5675,2021-05-25,Antwerpen,339,136495,462,131896,0,0,4599
5676,2021-05-26,Antwerpen,360,136855,442,132338,0,0,4517
5677,2021-05-27,Antwerpen,335,137190,190,132528,0,0,4662
5678,2021-05-28,Antwerpen,319,137509,351,132879,0,0,4630
5679,2021-05-29,Antwerpen,202,137711,244,133123,0,0,4588
5680,2021-05-30,Antwerpen,124,137835,185,133308,0,0,4527
5681,2021-05-31,Antwerpen,312,138147,569,133877,0,0,4270
5682,2021-06-01,Antwerpen,297,138444,488,134365,0,0,4079
5683,2021-06-02,Antwerpen,227,138671,534,134899,0,0,3772
5684,2021-06-03,Antwerpen,280,138951,321,135220,0,0,3731
5685,2021-06-04,Antwerpen,230,139181,389,135609,0,0,3572
5686,2021-06-05,Antwerpen,107,139288,223,135832,0,0,3456
5687,2021-06-06,Antwerpen,95,139383,175,136007,0,0,3376
5688,2021-06-07,Antwerpen,201,139584,149,136156,0,0,3428
5689,2021-06-08,Antwerpen,133,139717,339,136495,0,0,3222
5690,2021-06-09,Antwerpen,162,139879,360,136855,0,0,3024
5691,2021-06-10,Antwerpen,114,139993,335,137190,0,0,2803
5692,2021-06-11,Antwerpen,124,140117,319,137509,0,0,2608
5693,2021-06-12,Antwerpen,54,140171,202,137711,0,0,2460
5694,2021-06-13,Antwerpen,42,140213,124,137835,0,0,2378
5695,2021-06-14,Antwerpen,104,140317,312,138147,0,0,2170
5696,2021-06-15,Antwerpen,79,140396,297,138444,0,0,1952
5697,2021-06-16,Antwerpen,50,140446,227,138671,0,0,1775
5698,2021-06-17,Antwerpen,1,140447,280,138951,0,0,1496
5699,2021-06-18,Antwerpen,0,140447,0,138951,0,0,1496
